0.313610 0.617623 0.734894 0.000000 0.643760 0.849503 0.670521 0.493946 0.000000 0.520658 0.030317 0.304780 0.653422 0.960397 0.004220 0.782074 0.844778 0.526883 0.698242 0.174595 0.443605 0.355148 0.112606 0.436598 0.106014 0.734807 0.674309 0.528169
0.000000 0.344862 0.073273 0.000000 0.497075 0.000000 0.362168 0.809959 0.180243 0.000000 0.517899 0.151557 0.673167 0.582984 0.812629 0.649204 0.947386 0.000000 0.847237 0.642727 0.000000 0.465379 0.674149 0.460293 0.980052 0.721522 0.769964 0.074931
0.966594 0.268641 0.211772 0.404706 0.687001 0.905783 0.456568 0.153402 0.943052 0.290993 0.486817 0.722157 0.032786 0.000000 0.922676 0.179427 0.159291 0.307482 0.830457 0.146165 0.122191 0.489625 0.062754 0.835545 0.609651 0.945301 0.547994 0.988672
0.774559 0.498513 0.231226 0.785503 0.004186 0.678248 0.000000 0.000000 0.231358 0.000000 0.846828 0.644548 0.040085 0.149985 0.250252 0.470790 0.232497 0.382036 0.836574 0.000000 0.305908 0.993195 0.234178 0.389884 0.804745 0.305943 0.123481 0.442564
0.248636 0.352096 0.000000 0.957739 0.691602 0.571660 0.253453 0.000000 0.988128 0.095166 0.003800 0.709125 0.544650 0.179093 0.430272 0.023943 0.803062 0.271371 0.323450 0.868769 0.439626 0.623863 0.945938 0.055079 0.000000 0.921688 0.403937 0.291931
0.912805 0.379054 0.954404 0.257931 0.412016 0.448233 0.239195 0.763383 0.189745 0.126844 0.546022 0.986643 0.000000 0.618736 0.742939 0.525488 0.336626 0.857935 0.097891 0.422159 0.540485 0.355486 0.591473 0.535861 0.641320 0.000000 0.916633 0.248955
0.031867 0.127953 0.357537 0.263702 0.996115 0.927497 0.993844 0.381306 0.683495 0.669662 0.217058 0.297305 0.395929 0.836299 0.578296 0.942958 0.205620 0.000000 0.100437 0.711953 0.338690 0.000000 0.999114 0.000000 0.876595 0.634270 0.191907 0.997887
0.378249 0.416602 0.026567 0.815033 0.004810 0.292952 0.000000 0.044180 0.958583 0.908153 0.353061 0.032841 0.629740 0.705661 0.870629 0.612598 0.982004 0.878920 0.758363 0.126567 0.730187 0.813430 0.976221 0.732160 0.008663 0.035642 0.655932 0.350664
0.000000 0.972272 0.557131 0.672969 0.346859 0.957500 0.429620 0.487770 0.748708 0.000000 0.456615 0.000000 0.321688 0.386368 0.680721 0.372913 0.000000 0.410706 0.682561 0.414776 0.377272 0.688742 0.831621 0.024310 0.003326 0.437038 0.000000 0.994833
0.689503 0.010995 0.599843 0.521308 0.474381 0.122650 0.394705 0.107974 0.000000 0.850229 0.408767 0.797514 0.027942 0.707498 0.458533 0.000000 0.601184 0.259216 0.162561 0.808944 0.074604 0.904191 0.000000 0.135777 0.523251 0.612386 0.931454 0.972727
0.937168 0.402672 0.624109 0.880703 0.693483 0.022941 0.359225 0.160167 0.162171 0.900136 0.822742 0.683074 0.000000 0.651803 0.087050 0.322278 0.424428 0.527801 0.078286 0.324318 0.636724 0.995322 0.791873 0.418781 0.000000 0.665474 0.071759 0.996621
0.104964 0.000000 0.000000 0.000000 0.775224 0.709709 0.407621 0.926700 0.514629 0.677907 0.263880 0.879737 0.735324 0.259166 0.222473 0.280276 0.342138 0.874206 0.000000 0.700577 0.495103 0.503089 0.009044 0.603408 0.117923 0.836661 0.570267 0.827901
0.670703 0.028758 0.503836 0.802875 0.602576 0.485633 0.860639 0.048261 0.728590 0.288672 0.857177 0.394105 0.973346 0.369071 0.199143 0.024777 0.517116 0.930850 0.075993 0.415718 0.551792 0.000000 0.912752 0.982993 0.318383 0.402433 0.213181 0.759024
0.853372 0.354380 0.700592 0.851855 0.761066 0.996567 0.550990 0.727667 0.807144 0.800242 0.792102 0.392011 0.126202 0.692700 0.210390 0.575331 0.419185 0.000598 0.000000 0.346371 0.000000 0.107212 0.000000 0.333787 0.226469 0.577452 0.000000 0.391843
0.756287 0.227439 0.032541 0.946438 0.696203 0.559479 0.523035 0.646604 0.873041 0.474889 0.957846 0.051133 0.186822 0.203325 0.359806 0.959223 0.000000 0.969002 0.292605 0.000000 0.903587 0.074880 0.285145 0.917156 0.000000 0.000000 0.378678 0.960940
0.624036 0.000000 0.065680 0.669573 0.601787 0.505686 0.944943 0.855273 0.397027 0.068589 0.105748 0.606765 0.553923 0.699780 0.966798 0.341968 0.145215 0.452796 0.656485 0.686487 0.460726 0.383249 0.000000 0.980709 0.829344 0.797883 0.812574 0.910410
0.864231 0.479672 0.476444 0.198453 0.403508 0.067544 0.345952 0.000000 0.143356 0.751974 0.676618 0.563644 0.093976 0.822377 0.148693 0.109793 0.600781 0.166170 0.111467 0.417943 0.027111 0.000000 0.589740 0.764857 0.548694 0.304141 0.563179 0.484829
0.017886 0.000000 0.886503 0.604976 0.356031 0.000000 0.403626 0.978636 0.630524 0.286024 0.982959 0.278186 0.522821 0.820241 0.713022 0.193380 0.617790 0.462646 0.876915 0.613646 0.780097 0.631758 0.139399 0.008732 0.157550 0.172592 0.041691 0.502475
0.655345 0.868626 0.000000 0.229919 0.638047 0.682936 0.987805 0.798475 0.960059 0.699709 0.181048 0.575797 0.843037 0.356430 0.150957 0.000000 0.000000 0.217447 0.557806 0.812154 0.878783 0.749916 0.267954 0.000000 0.569107 0.232275 0.554406 0.762366
0.004964 0.490720 0.325158 0.048358 0.357483 0.934632 0.622102 0.894322 0.758050 0.303282 0.208582 0.639886 0.728826 0.540213 0.564195 0.741716 0.301048 0.000000 0.140331 0.893044 0.000000 0.888204 0.468420 0.361243 0.821915 0.979028 0.294074 0.894439
0.461150 0.000000 0.310143 0.471174 0.551597 0.385993 0.755006 0.421497 0.840215 0.440497 0.000000 0.814232 0.079326 0.618480 0.864340 0.000000 0.719689 0.000000 0.000000 0.481899 0.172325 0.398461 0.318286 0.793353 0.864270 0.456607 0.154205 0.021108
0.048342 0.557491 0.729660 0.607131 0.422584 0.614430 0.501014 0.603001 0.084572 0.315095 0.049422 0.680829 0.204237 0.092335 0.145950 0.018976 0.060952 0.139571 0.636721 0.931557 0.626642 0.440381 0.804056 0.024112 0.438198 0.529308 0.647544 0.699157
0.000000 0.725068 0.342223 0.000000 0.416408 0.250982 0.606492 0.584927 0.571082 0.000000 0.957546 0.033075 0.700669 0.268366 0.639901 0.482114 0.842018 0.296303 0.172995 0.671365 0.914503 0.937488 0.489934 0.568434 0.699012 0.000000 0.425428 0.080235
0.459632 0.995133 0.059139 0.707379 0.969796 0.000000 0.351358 0.000000 0.296404 0.900682 0.307772 0.315419 0.746861 0.538004 0.702200 0.207092 0.041311 0.633575 0.915214 0.000000 0.884558 0.419902 0.812600 0.000916 0.541805 0.428883 0.999264 0.000000
0.739578 0.000000 0.915772 0.037987 0.273752 0.000000 0.414666 0.007804 0.985888 0.479513 0.744615 0.055140 0.185392 0.940329 0.950135 0.118191 0.576685 0.707163 0.964067 0.000000 0.258823 0.000000 0.831325 0.112431 0.000000 0.376406 0.313620 0.457526
0.241688 0.906984 0.966771 0.432535 0.321548 0.268449 0.428257 0.040557 0.364575 0.473416 0.140791 0.706608 0.477480 0.773719 0.711365 0.528139 0.165898 0.942112 0.323457 0.707484 0.443013 0.720919 0.155880 0.204680 0.742525 0.763865 0.675219 0.714606
0.062211 0.176945 0.317314 0.534587 0.074290 0.685178 0.374734 0.039291 0.010341 0.904095 0.968876 0.256228 0.988791 0.785077 0.431587 0.370073 0.383110 0.143474 0.505708 0.658488 0.082885 0.261785 0.536914 0.152432 0.964624 0.632719 0.802884 0.183090
0.178036 0.232300 0.250606 0.119665 0.484160 0.336545 0.126627 0.031511 0.000000 0.569125 0.294290 0.837113 0.637735 0.402308 0.903871 0.363038 0.000000 0.457724 0.521654 0.849251 0.874231 0.651814 0.074593 0.852232 0.500722 0.000000 0.500379 0.649019
