0.045229 0.472382 0.000000 0.000000 0.775326 0.895877 0.513572 0.806871 0.899813 0.000000 0.052040 0.992923 0.940666 0.184501 0.520649 0.117344 0.980842 0.851499 0.486738 0.610885 0.647173 0.045330 0.000000 0.084569 0.843097 0.311255 0.370422 0.155303
0.000000 0.190664 0.142258 0.819249 0.795388 0.928933 0.267645 0.009068 0.426651 0.590488 0.000000 0.094567 0.165387 0.329793 0.074601 0.426332 0.000000 0.531112 0.591167 0.002810 0.540404 0.363500 0.000000 0.822388 0.614332 0.267331 0.095102 0.868425
0.892642 0.167547 0.193181 0.845847 0.963869 0.204959 0.466986 0.698104 0.000000 0.491631 0.938049 0.380486 0.231042 0.000000 0.393194 0.921236 0.000000 0.138684 0.000000 0.208689 0.144629 0.975425 0.000000 0.616938 0.933352 0.241452 0.854099 0.396067
0.415150 0.640752 0.984599 0.001705 0.496272 0.000000 0.776643 0.260591 0.646886 0.978230 0.782177 0.722332 0.572708 0.125227 0.783325 0.512187 0.505010 0.000000 0.917382 0.970455 0.000000 0.362147 0.168988 0.425772 0.075742 0.604775 0.027957 0.267210
0.970390 0.475597 0.813469 0.323894 0.580106 0.902190 0.000000 0.458889 0.000000 0.252583 0.460408 0.943038 0.483605 0.000000 0.448481 0.734858 0.661151 0.872035 0.412480 0.000000 0.000000 0.482313 0.000000 0.765864 0.753345 0.000000 0.000000 0.632307
0.884125 0.582689 0.239620 0.223950 0.000000 0.341015 0.978052 0.425995 0.125691 0.000000 0.739805 0.523018 0.228693 0.038205 0.122090 0.514139 0.000000 0.103024 0.000000 0.882504 0.948981 0.000000 0.272792 0.000000 0.334071 0.878472 0.251856 0.202975
0.388766 0.668789 0.258294 0.675222 0.938648 0.147914 0.000000 0.505511 0.409400 0.738762 0.486729 0.231168 0.537564 0.791764 0.000000 0.961193 0.326075 0.281179 0.000000 0.568826 0.730305 0.746568 0.561919 0.112327 0.321498 0.401611 0.271784 0.532367
0.000000 0.000000 0.127922 0.632908 0.629225 0.102350 0.000000 0.000000 0.137725 0.178121 0.480948 0.100786 0.000000 0.485287 0.000000 0.047670 0.000000 0.473839 0.841588 0.000000 0.063484 0.000000 0.565483 0.738056 0.009287 0.000000 0.000000 0.024555
0.340000 0.832228 0.566990 0.732644 0.000000 0.590832 0.041407 0.382329 0.742647 0.000000 0.940154 0.836052 0.000000 0.655738 0.573091 0.439214 0.000000 0.000000 0.215721 0.824037 0.430898 0.578986 0.661998 0.365933 0.000000 0.000000 0.375206 0.000000
0.742409 0.918608 0.502758 0.868973 0.000000 0.071021 0.112470 0.232470 0.000000 0.826926 0.283596 0.731085 0.334123 0.127441 0.763521 0.108267 0.000000 0.839733 0.000000 0.763283 0.000000 0.970246 0.105897 0.000000 0.253295 0.195895 0.782574 0.072827
0.200583 0.071931 0.572080 0.746341 0.235046 0.219756 0.615884 0.403896 0.023308 0.625143 0.675796 0.162586 0.189984 0.000000 0.478306 0.484942 0.090986 0.616876 0.786312 0.320107 0.600086 0.615465 0.000000 0.501180 0.000000 0.768207 0.000000 0.000000
0.166436 0.728829 0.668108 0.465643 0.375909 0.119289 0.030881 0.147190 0.000000 0.212256 0.787357 0.379995 0.812379 0.995321 0.505050 0.583408 0.891095 0.930449 0.708237 0.000000 0.969311 0.000000 0.478603 0.933313 0.000000 0.000000 0.854466 0.434708
0.354970 0.019536 0.060298 0.000000 0.000000 0.256338 0.000000 0.981617 0.383674 0.081881 0.000000 0.000000 0.334492 0.316877 0.657304 0.000000 0.392158 0.250347 0.000000 0.325500 0.326829 0.899907 0.108766 0.000000 0.000000 0.277375 0.564200 0.044719
0.099269 0.755694 0.000000 0.635497 0.023782 0.341807 0.087525 0.000000 0.402556 0.932823 0.833451 0.000000 0.163417 0.851741 0.080461 0.000000 0.979236 0.912531 0.812147 0.051248 0.000000 0.246036 0.376644 0.244158 0.000000 0.374546 0.247661 0.951161
0.870250 0.000000 0.561707 0.851135 0.991033 0.674742 0.000000 0.023749 0.711355 0.653211 0.414844 0.288552 0.104498 0.466169 0.464924 0.731097 0.000000 0.592907 0.512446 0.677892 0.223250 0.023931 0.354395 0.386826 0.249183 0.985390 0.642993 0.254399
0.600285 0.633823 0.364246 0.421392 0.958924 0.964850 0.000000 0.627555 0.000000 0.057526 0.151116 0.756469 0.517207 0.564420 0.529682 0.587312 0.627168 0.726433 0.334415 0.233671 0.000000 0.619312 0.836887 0.473019 0.404278 0.472091 0.026223 0.322821
0.270982 0.000000 0.975650 0.000000 0.852378 0.994078 0.271592 0.000000 0.713044 0.169240 0.135248 0.791992 0.482923 0.210968 0.791942 0.364656 0.675790 0.743749 0.402157 0.000000 0.477389 0.000000 0.057194 0.818230 0.000000 0.000000 0.284255 0.000000
0.893576 0.450572 0.700828 0.488590 0.000000 0.098424 0.772455 0.878188 0.046814 0.000000 0.697864 0.634679 0.000000 0.308655 0.103154 0.787485 0.203829 0.511288 0.316625 0.911887 0.000000 0.577292 0.000000 0.000000 0.796594 0.000000 0.000000 0.466658
0.000000 0.365954 0.680621 0.779535 0.000000 0.558188 0.000000 0.189289 0.554959 0.000000 0.000000 0.000000 0.803317 0.456826 0.832427 0.000000 0.245132 0.393787 0.405893 0.000000 0.300154 0.000000 0.602674 0.033353 0.834929 0.878187 0.000000 0.644860
0.817185 0.018703 0.116152 0.478206 0.339023 0.217198 0.723511 0.896607 0.521511 0.134899 0.125392 0.803444 0.603336 0.570733 0.000000 0.530219 0.789528 0.963704 0.127411 0.079149 0.944311 0.713064 0.871703 0.045063 0.321958 0.284018 0.528969 0.825783
0.051129 0.536889 0.300441 0.518272 0.000000 0.000000 0.158852 0.016078 0.048067 0.417742 0.000000 0.897574 0.000000 0.039071 0.603074 0.935777 0.000000 0.875489 0.150840 0.611991 0.664184 0.000000 0.272752 0.391823 0.000000 0.559463 0.351359 0.922056
0.979830 0.000000 0.797703 0.659067 0.710082 0.624500 0.000000 0.017839 0.795636 0.287566 0.196253 0.392999 0.978538 0.109880 0.103089 0.000000 0.440418 0.708544 0.393942 0.471750 0.605494 0.831785 0.620729 0.416031 0.433317 0.000000 0.204382 0.539330
0.000000 0.812612 0.218808 0.215606 0.846632 0.513755 0.293682 0.536160 0.228129 0.000000 0.155752 0.010356 0.307371 0.000000 0.960491 0.031527 0.871962 0.418488 0.049565 0.702178 0.590936 0.105079 0.197470 0.964790 0.361332 0.895376 0.890694 0.500329
0.140427 0.959148 0.068377 0.223871 0.254563 0.764111 0.011616 0.101787 0.759742 0.174255 0.000000 0.007187 0.599879 0.000000 0.058326 0.000000 0.781219 0.431155 0.000000 0.612004 0.203411 0.052399 0.506975 0.834590 0.142134 0.820533 0.797721 0.490004
0.368411 0.622566 0.000000 0.711852 0.778429 0.838066 0.665904 0.811673 0.000000 0.021193 0.111827 0.000000 0.348773 0.884929 0.000000 0.000000 0.000000 0.000000 0.554803 0.000000 0.979309 0.924946 0.491744 0.000000 0.000000 0.415150 0.599186 0.026123
0.444406 0.000000 0.359636 0.213164 0.628125 0.004194 0.799074 0.028719 0.000000 0.853981 0.349559 0.823127 0.937898 0.000000 0.276911 0.109528 0.636258 0.720938 0.102998 0.000000 0.026877 0.837405 0.295094 0.455542 0.262511 0.138247 0.604240 0.022231
0.911071 0.852174 0.030943 0.149207 0.254664 0.000000 0.923104 0.906412 0.656287 0.720030 0.829010 0.000000 0.000000 0.047258 0.000000 0.896428 0.879617 0.000000 0.640101 0.059348 0.978367 0.030271 0.305308 0.905193 0.593873 0.682938 0.585737 0.212766
0.016619 0.099422 0.298374 0.231543 0.154954 0.000000 0.109676 0.915894 0.798121 0.080824 0.923961 0.566122 0.838201 0.245100 0.728945 0.512024 0.412224 0.000000 0.726174 0.884095 0.026600 0.000000 0.548328 0.559414 0.550476 0.035409 0.000000 0.225410
