0.208236 0.000000 0.693607 0.000000 0.000000 0.000000 0.844975 0.600143 0.877830 0.000000 0.922061 0.345528 0.758719 0.854611 0.382703 0.293370 0.871951 0.114766 0.160771 0.617130 0.772971 0.691005 0.000000 0.961438 0.136452 0.000000 0.930481 0.277186
0.864130 0.811970 0.001592 0.240574 0.336368 0.247847 0.408891 0.000000 0.074382 0.540201 0.000000 0.020385 0.100801 0.000000 0.045143 0.000000 0.000000 0.758458 0.615376 0.000000 0.959350 0.866282 0.291473 0.392564 0.804020 0.052513 0.192673 0.520358
0.090212 0.000000 0.440544 0.000000 0.100667 0.832479 0.027109 0.893733 0.000000 0.714047 0.000000 0.000000 0.230159 0.702673 0.298826 0.770731 0.000000 0.484479 0.028537 0.641763 0.902331 0.095181 0.000000 0.426462 0.454140 0.714396 0.628762 0.434670
0.000000 0.111565 0.971429 0.417143 0.686241 0.880712 0.000000 0.185795 0.621472 0.874244 0.856361 0.868750 0.807536 0.839620 0.883874 0.000000 0.000000 0.224907 0.930408 0.000000 0.328841 0.000000 0.173079 0.218083 0.464151 0.000000 0.885551 0.000000
0.416429 0.126387 0.000000 0.352618 0.644097 0.803021 0.208447 0.000000 0.822346 0.974390 0.022405 0.000000 0.286590 0.734827 0.394597 0.220518 0.829645 0.000000 0.777128 0.000000 0.883196 0.000000 0.524384 0.102759 0.000000 0.000000 0.000000 0.055799
0.000000 0.000000 0.000000 0.587008 0.852401 0.977306 0.379363 0.000000 0.349505 0.548867 0.524730 0.452042 0.000000 0.000000 0.301204 0.000000 0.509281 0.548291 0.775666 0.443055 0.108514 0.000000 0.599328 0.554904 0.872745 0.720592 0.711317 0.894853
0.858223 0.337202 0.309759 0.000000 0.000000 0.635997 0.928798 0.000000 0.145617 0.439251 0.614939 0.000000 0.233986 0.495445 0.882681 0.628792 0.660073 0.733365 0.000000 0.325852 0.299377 0.551131 0.086716 0.562218 0.723635 0.131102 0.820998 0.000000
0.000000 0.822007 0.998956 0.780225 0.256696 0.075180 0.491883 0.000000 0.689853 0.000000 0.438610 0.000000 0.343213 0.544842 0.000000 0.897857 0.033112 0.000000 0.000000 0.530411 0.601125 0.000000 0.000000 0.000000 0.441886 0.111272 0.654376 0.758112
0.206011 0.300829 0.571791 0.914125 0.663893 0.974974 0.898991 0.036327 0.524978 0.303959 0.983231 0.398480 0.274459 0.227751 0.000000 0.323345 0.000000 0.000000 0.000000 0.454211 0.652242 0.065761 0.356375 0.554320 0.920131 0.091172 0.134206 0.419153
0.548772 0.991366 0.000000 0.000000 0.066739 0.096174 0.495190 0.270673 0.343126 0.000000 0.672035 0.159887 0.103845 0.655965 0.000000 0.770801 0.000000 0.917265 0.745792 0.494519 0.212933 0.691111 0.893310 0.921518 0.000000 0.000000 0.050272 0.000000
0.000000 0.000000 0.000000 0.313891 0.268137 0.000000 0.000000 0.811312 0.000000 0.815892 0.602619 0.000000 0.481367 0.579575 0.000000 0.000000 0.000000 0.176346 0.853682 0.532288 0.000000 0.829745 0.092040 0.109694 0.536485 0.000000 0.438074 0.971458
0.871201 0.000000 0.488643 0.219887 0.000000 0.443999 0.774485 0.414311 0.000000 0.000000 0.933130 0.000000 0.883700 0.000000 0.951745 0.051244 0.176709 0.448135 0.000000 0.000000 0.705975 0.000000 0.020651 0.388734 0.000000 0.095010 0.007413 0.000000
0.000000 0.718466 0.000000 0.000000 0.000000 0.093145 0.455530 0.891235 0.608042 0.549013 0.000000 0.026129 0.000000 0.085092 0.651033 0.909505 0.122643 0.788587 0.000000 0.000000 0.961156 0.081677 0.000000 0.532737 0.639242 0.332178 0.890584 0.000000
0.458420 0.093442 0.000000 0.362825 0.570248 0.000000 0.068424 0.193658 0.000000 0.406907 0.819869 0.938575 0.679961 0.057153 0.309006 0.565427 0.000000 0.179159 0.165994 0.764315 0.680726 0.649903 0.412549 0.545768 0.211722 0.000000 0.100866 0.698015
0.708268 0.758908 0.892094 0.656000 0.941601 0.134743 0.252940 0.862477 0.000000 0.530215 0.494414 0.000000 0.336821 0.955408 0.073863 0.166154 0.362984 0.419412 0.445408 0.832222 0.089910 0.000000 0.000000 0.000000 0.000000 0.000000 0.442658 0.000000
0.503102 0.942140 0.612583 0.449062 0.833676 0.000000 0.000000 0.222290 0.999946 0.000000 0.866664 0.582600 0.534411 0.385920 0.843096 0.649624 0.494156 0.287083 0.020932 0.021262 0.121218 0.000000 0.987889 0.992472 0.930853 0.146412 0.525033 0.111911
0.698038 0.764813 0.300480 0.506835 0.587709 0.528939 0.759620 0.561690 0.906210 0.267147 0.000000 0.000000 0.039596 0.237170 0.034830 0.000000 0.000000 0.476788 0.075055 0.000000 0.697045 0.122409 0.922782 0.000000 0.000000 0.000000 0.204066 0.446882
0.000000 0.861741 0.090985 0.000000 0.000000 0.000000 0.000000 0.498585 0.000000 0.723631 0.014276 0.000000 0.667276 0.897794 0.685223 0.345381 0.000000 0.363186 0.191873 0.003702 0.000000 0.359172 0.351538 0.234056 0.000000 0.696982 0.430698 0.000000
0.376438 0.149982 0.242237 0.906843 0.139856 0.129313 0.384553 0.468920 0.759477 0.000000 0.714929 0.000000 0.562930 0.000000 0.484150 0.000000 0.025441 0.953988 0.000000 0.216281 0.911673 0.683424 0.285725 0.317992 0.691469 0.000000 0.524380 0.436281
0.852148 0.166906 0.986952 0.072210 0.296178 0.885240 0.000000 0.000000 0.864328 0.190816 0.000000 0.000000 0.000000 0.014414 0.000000 0.786591 0.945475 0.000000 0.472230 0.000000 0.420260 0.751353 0.000000 0.909620 0.832708 0.177608 0.000000 0.542182
0.223222 0.645013 0.474544 0.000000 0.445161 0.626851 0.000000 0.000000 0.485407 0.000000 0.203244 0.737700 0.230579 0.119879 0.000000 0.000000 0.599695 0.479088 0.000000 0.000000 0.000000 0.879836 0.000000 0.366903 0.917508 0.283909 0.000000 0.000000
0.358197 0.000000 0.000000 0.720900 0.792958 0.424656 0.743454 0.004101 0.684941 0.537757 0.343809 0.020100 0.530477 0.000000 0.212382 0.569894 0.188258 0.640129 0.996308 0.000000 0.000000 0.556646 0.622771 0.000000 0.000000 0.000000 0.151076 0.799241
0.000000 0.010559 0.003287 0.795416 0.529867 0.000000 0.144323 0.932769 0.139913 0.497705 0.374769 0.699810 0.119064 0.324121 0.000000 0.707726 0.000000 0.000000 0.875909 0.000000 0.000000 0.338841 0.000000 0.868949 0.000000 0.000000 0.036561 0.678140
0.000000 0.653123 0.999981 0.000000 0.000000 0.298891 0.000000 0.000000 0.688798 0.815105 0.985309 0.540679 0.776783 0.798687 0.000000 0.313079 0.000000 0.000000 0.171569 0.000000 0.542336 0.804819 0.217962 0.814410 0.191306 0.328189 0.671596 0.000000
0.000000 0.000000 0.000000 0.000000 0.206496 0.632052 0.000000 0.445127 0.482264 0.000000 0.725650 0.731446 0.237677 0.000000 0.257322 0.912135 0.000000 0.000000 0.812259 0.000000 0.483282 0.000000 0.578696 0.000000 0.882216 0.869474 0.000000 0.577460
0.815166 0.230569 0.507027 0.002338 0.444128 0.332294 0.000000 0.730526 0.000000 0.734849 0.741957 0.084799 0.000000 0.817187 0.000000 0.000000 0.009865 0.000000 0.981183 0.281134 0.238487 0.589172 0.567659 0.000000 0.807910 0.811259 0.000000 0.746186
0.000000 0.806249 0.334514 0.428443 0.932327 0.370724 0.326093 0.000000 0.000000 0.770037 0.493483 0.939547 0.000000 0.609270 0.000000 0.000000 0.210127 0.305181 0.253584 0.477941 0.989648 0.123842 0.358230 0.000000 0.988216 0.099636 0.821961 0.965400
0.000000 0.846136 0.371996 0.000000 0.073531 0.806906 0.563250 0.771962 0.124737 0.113379 0.944304 0.000000 0.059895 0.071261 0.409494 0.453928 0.936992 0.166729 0.000000 0.000000 0.000000 0.523785 0.941710 0.193883 0.000000 0.340637 0.000000 0.000000
