0.000000 0.000000 0.577286 0.000000 0.828343 0.852530 0.139896 0.000000 0.229078 0.499869 0.000000 0.650332 0.000000 0.343392 0.375120 0.880309 0.008947 0.588281 0.000000 0.608488 0.000000 0.000000 0.722855 0.095213 0.902565 0.379580 0.000000 0.853078
0.070534 0.681790 0.000000 0.000000 0.355968 0.000000 0.000000 0.188351 0.648708 0.959142 0.087084 0.084825 0.000000 0.674774 0.000000 0.000000 0.983843 0.000000 0.000000 0.973967 0.691713 0.000000 0.666201 0.000000 0.000000 0.889943 0.000000 0.028375
0.000000 0.000000 0.422880 0.000000 0.000000 0.585476 0.000000 0.740749 0.000000 0.280537 0.446455 0.000000 0.000000 0.844318 0.153741 0.131381 0.208901 0.000000 0.418709 0.795989 0.018315 0.000000 0.000000 0.964100 0.322931 0.000000 0.000000 0.535709
0.767558 0.226628 0.000000 0.000000 0.339017 0.293916 0.325488 0.000000 0.332941 0.000000 0.000815 0.485180 0.342910 0.802839 0.206479 0.000000 0.092644 0.000000 0.000000 0.000000 0.046678 0.919273 0.000000 0.608476 0.392348 0.531966 0.882976 0.000000
0.000000 0.803064 0.905972 0.012734 0.000000 0.000000 0.000000 0.708293 0.723717 0.537196 0.599059 0.898653 0.000000 0.000000 0.000000 0.000000 0.908806 0.623959 0.000000 0.000000 0.000000 0.564261 0.000000 0.140645 0.548989 0.775428 0.840385 0.000000
0.584014 0.790198 0.921886 0.493761 0.000000 0.239888 0.000000 0.350037 0.735267 0.000000 0.000000 0.444740 0.098957 0.827710 0.000000 0.079750 0.747348 0.000000 0.920501 0.678783 0.408274 0.000000 0.000000 0.000000 0.042949 0.000000 0.000000 0.598856
0.381510 0.000000 0.424585 0.000000 0.323387 0.891869 0.000000 0.091554 0.918735 0.407874 0.326115 0.561692 0.514668 0.000000 0.181544 0.335380 0.000000 0.250862 0.351877 0.000000 0.000000 0.076345 0.056373 0.222280 0.000000 0.223026 0.000000 0.000000
0.000000 0.000000 0.200977 0.535491 0.000000 0.000000 0.198885 0.575278 0.000000 0.003071 0.483256 0.000000 0.360755 0.946869 0.495668 0.000000 0.152362 0.398369 0.648019 0.701184 0.509554 0.163586 0.000000 0.970562 0.731312 0.371588 0.000000 0.374325
0.095418 0.332333 0.000000 0.000000 0.000000 0.000000 0.487215 0.288886 0.461896 0.368946 0.378484 0.155885 0.000000 0.776448 0.896003 0.240425 0.000000 0.230912 0.019604 0.000000 0.805336 0.000000 0.000000 0.000000 0.000000 0.000000 0.038616 0.822429
0.276083 0.000000 0.452741 0.297375 0.000000 0.000000 0.000000 0.177123 0.418159 0.013611 0.831331 0.071889 0.000000 0.950115 0.102745 0.269203 0.000000 0.000000 0.342764 0.543076 0.639061 0.000000 0.670734 0.757641 0.000000 0.622325 0.000000 0.774047
0.000000 0.037495 0.517365 0.304474 0.811407 0.000000 0.000000 0.000000 0.000000 0.000000 0.020431 0.407202 0.000000 0.910098 0.000000 0.414205 0.551220 0.968961 0.956856 0.492905 0.000000 0.000000 0.533763 0.000000 0.000000 0.000000 0.286077 0.000000
0.000000 0.870595 0.000000 0.000000 0.000000 0.833022 0.000000 0.876865 0.528268 0.000000 0.000000 0.555768 0.000000 0.000000 0.325663 0.000000 0.529420 0.399235 0.000000 0.869576 0.000000 0.000000 0.068032 0.233089 0.000000 0.351854 0.864168 0.502585
0.870710 0.194431 0.421121 0.000000 0.203102 0.000000 0.695365 0.000000 0.532535 0.962650 0.991296 0.000000 0.902521 0.117583 0.954084 0.000000 0.479352 0.000000 0.612460 0.000000 0.000000 0.308076 0.901535 0.647039 0.000000 0.000000 0.991964 0.511651
0.210448 0.462640 0.378090 0.625561 0.303835 0.201833 0.825236 0.861956 0.939974 0.001751 0.000000 0.783516 0.657737 0.341229 0.733157 0.112771 0.797567 0.000000 0.126991 0.898476 0.000000 0.000000 0.000000 0.876138 0.551880 0.015050 0.000000 0.059434
0.000000 0.000000 0.498268 0.882624 0.000000 0.871169 0.992905 0.000000 0.000000 0.274307 0.000000 0.000000 0.000000 0.000000 0.000000 0.000000 0.000000 0.845433 0.092596 0.213658 0.092347 0.663558 0.244809 0.898445 0.000000 0.954499 0.000000 0.451036
0.931504 0.726745 0.428569 0.549603 0.804587 0.998273 0.107833 0.386629 0.033849 0.039610 0.107873 0.000000 0.756800 0.000000 0.035338 0.571773 0.824851 0.042344 0.000000 0.896133 0.055713 0.571443 0.000000 0.170393 0.000000 0.000000 0.698123 0.201629
0.000000 0.000000 0.000000 0.000000 0.114112 0.000000 0.000000 0.703200 0.000000 0.000000 0.810880 0.264382 0.082275 0.390616 0.000000 0.000000 0.626468 0.000000 0.000000 0.000000 0.261888 0.537343 0.000000 0.000000 0.752118 0.000000 0.991531 0.000000
0.849335 0.000000 0.547103 0.000000 0.000000 0.000000 0.854760 0.010413 0.000000 0.000000 0.323447 0.286870 0.355126 0.715123 0.837047 0.000000 0.237582 0.000000 0.308031 0.421849 0.110676 0.757847 0.992815 0.000000 0.605964 0.160289 0.000000 0.676772
0.317609 0.301026 0.000000 0.000000 0.457574 0.000000 0.000000 0.297051 0.000000 0.561457 0.000000 0.781243 0.518683 0.550349 0.801411 0.728996 0.000000 0.000000 0.297105 0.000237 0.216540 0.000000 0.000000 0.661809 0.429650 0.000000 0.286463 0.237334
0.000000 0.055604 0.833575 0.000000 0.951477 0.000000 0.000000 0.232418 0.000000 0.367162 0.000000 0.285872 0.983573 0.000000 0.190428 0.000000 0.878999 0.000000 0.073308 0.523813 0.000000 0.000000 0.000000 0.000000 0.000000 0.713028 0.000000 0.000000
0.685448 0.471903 0.000000 0.154250 0.000000 0.218378 0.165410 0.238485 0.374185 0.686626 0.645563 0.951714 0.706333 0.240592 0.223895 0.000000 0.000000 0.012569 0.391654 0.533318 0.000000 0.118932 0.651767 0.000000 0.000000 0.143113 0.640013 0.000000
0.606296 0.797727 0.934723 0.309474 0.428549 0.000000 0.000000 0.000000 0.127410 0.000000 0.801084 0.000000 0.509429 0.284955 0.000000 0.000000 0.127002 0.501652 0.499258 0.000000 0.000000 0.336275 0.332488 0.811473 0.152771 0.883112 0.116508 0.322346
0.597626 0.000000 0.000000 0.000000 0.000000 0.781561 0.000000 0.590024 0.000000 0.397451 0.362680 0.719257 0.530593 0.501440 0.000000 0.454924 0.000000 0.000000 0.000000 0.335925 0.924461 0.595364 0.234602 0.000000 0.140975 0.907407 0.000000 0.703560
0.545108 0.355480 0.000000 0.000000 0.000000 0.000000 0.479795 0.780650 0.000000 0.200919 0.153048 0.000000 0.221971 0.360773 0.000000 0.462295 0.000000 0.641764 0.596366 0.000000 0.815739 0.000000 0.586535 0.392503 0.965695 0.109699 0.702055 0.838168
0.849652 0.686291 0.000000 0.411214 0.972108 0.000000 0.000000 0.000000 0.802578 0.000000 0.160766 0.335824 0.000000 0.536239 0.954981 0.000000 0.462298 0.678702 0.509974 0.712086 0.880561 0.674248 0.480776 0.051250 0.718323 0.000000 0.089796 0.586860
0.399780 0.015932 0.751091 0.926277 0.661310 0.196408 0.000000 0.847571 0.986510 0.000000 0.000000 0.000000 0.792922 0.192144 0.158799 0.005125 0.528343 0.000000 0.000000 0.000000 0.000000 0.512577 0.710525 0.010023 0.072449 0.000000 0.000000 0.260289
0.000000 0.022452 0.162492 0.814415 0.000000 0.000000 0.000000 0.995204 0.000000 0.071664 0.000000 0.000000 0.000000 0.993718 0.455495 0.393379 0.000000 0.000000 0.240664 0.305043 0.000000 0.000000 0.701612 0.000000 0.167389 0.878436 0.293679 0.281645
0.000000 0.064750 0.000000 0.000000 0.107450 0.000000 0.153086 0.000000 0.000000 0.670219 0.000000 0.302545 0.000000 0.000000 0.212180 0.708233 0.983677 0.000000 0.000000 0.000000 0.000000 0.736986 0.407061 0.748454 0.000000 0.000000 0.428326 0.851207
