0.419995 0.000000 0.000000 0.000000 0.577091 0.727654 0.000000 0.530419 0.262309 0.359105 0.000000 0.000000 0.000000 0.000000 0.254288 0.879419 0.000000 0.061693 0.000000 0.413777 0.167773 0.880031 0.846536 0.694879 0.000000 0.050700 0.088755 0.000000
0.000000 0.540601 0.061800 0.283953 0.000000 0.861940 0.000000 0.000000 0.657757 0.000000 0.798438 0.248252 0.255571 0.000000 0.000000 0.000000 0.796475 0.000000 0.253418 0.257350 0.884548 0.000000 0.000000 0.868209 0.000000 0.000000 0.000000 0.000000
0.000000 0.178003 0.717530 0.005224 0.636167 0.000000 0.976096 0.000000 0.000000 0.000000 0.343231 0.000000 0.000000 0.446966 0.000000 0.462358 0.351544 0.946459 0.389875 0.674186 0.362045 0.000000 0.604188 0.038296 0.000000 0.863654 0.000000 0.692225
0.000000 0.000000 0.408101 0.000000 0.000000 0.000000 0.000000 0.812032 0.102877 0.000000 0.000000 0.915071 0.000000 0.960455 0.000000 0.653547 0.539158 0.356052 0.416033 0.000000 0.585022 0.000000 0.577340 0.000000 0.000000 0.000000 0.132932 0.000000
0.276880 0.000000 0.000000 0.000000 0.494182 0.428598 0.000000 0.000000 0.000000 0.000000 0.223548 0.000000 0.343642 0.306187 0.000000 0.518597 0.287296 0.000000 0.422425 0.265208 0.000000 0.011811 0.923934 0.000000 0.257029 0.083534 0.000000 0.000000
0.743617 0.961964 0.000000 0.391648 0.000000 0.963061 0.000000 0.000000 0.000000 0.000000 0.614618 0.006809 0.000000 0.000000 0.000000 0.314509 0.000000 0.984444 0.000000 0.000000 0.000000 0.000000 0.369101 0.607015 0.002067 0.000000 0.000000 0.000000
0.000000 0.000000 0.897302 0.000000 0.000000 0.000000 0.000000 0.015420 0.943182 0.027136 0.000000 0.930203 0.000000 0.108799 0.421225 0.655553 0.855049 0.217762 0.378484 0.000000 0.000000 0.121705 0.000000 0.502184 0.453908 0.610964 0.000000 0.052016
0.000000 0.344952 0.000000 0.768684 0.149462 0.128643 0.000000 0.794558 0.069419 0.000000 0.462976 0.125253 0.000000 0.686688 0.000000 0.000689 0.427134 0.000000 0.000000 0.000000 0.000000 0.000000 0.071088 0.648582 0.374319 0.811981 0.930820 0.000000
0.938685 0.000000 0.000000 0.939533 0.573192 0.363906 0.821658 0.000000 0.000000 0.000000 0.851161 0.000000 0.028386 0.000000 0.375722 0.248030 0.606291 0.000000 0.885256 0.000000 0.000000 0.000000 0.003380 0.000000 0.000000 0.368859 0.000000 0.000000
0.000000 0.347823 0.652892 0.000000 0.000000 0.882662 0.937898 0.043413 0.000000 0.000000 0.000000 0.962655 0.285614 0.761459 0.000000 0.000000 0.000000 0.130550 0.842536 0.000000 0.684238 0.000000 0.759981 0.924450 0.000000 0.843619 0.000000 0.000000
0.000000 0.000000 0.000000 0.000000 0.177335 0.447341 0.918086 0.000000 0.920438 0.000000 0.000000 0.000000 0.324564 0.574227 0.674461 0.000000 0.811512 0.000000 0.000000 0.397511 0.000000 0.000000 0.484992 0.386966 0.000000 0.059821 0.000000 0.000000
0.000000 0.208707 0.048008 0.848819 0.000000 0.000000 0.480463 0.000000 0.130411 0.238445 0.000000 0.574948 0.000000 0.000000 0.000000 0.944963 0.000000 0.058658 0.000000 0.529999 0.435449 0.361675 0.953163 0.367790 0.000000 0.633230 0.000000 0.000000
0.898361 0.902718 0.834539 0.769398 0.000000 0.000000 0.533413 0.377889 0.072968 0.000000 0.431359 0.000000 0.000000 0.000000 0.000000 0.920405 0.006807 0.431560 0.321271 0.247406 0.415517 0.000000 0.243623 0.630055 0.866465 0.174105 0.170848 0.000000
0.905859 0.761492 0.000000 0.000000 0.300309 0.937702 0.078437 0.000000 0.675165 0.294976 0.000000 0.268832 0.000000 0.843770 0.124248 0.671901 0.000000 0.504449 0.407839 0.780596 0.541423 0.000000 0.000000 0.000000 0.594414 0.000000 0.967975 0.000000
0.732905 0.000000 0.000000 0.388023 0.190365 0.000000 0.591175 0.506894 0.000000 0.000000 0.000000 0.968578 0.878284 0.018864 0.000000 0.000000 0.655739 0.000000 0.816720 0.039677 0.125560 0.000000 0.000000 0.245604 0.000000 0.741484 0.000000 0.000000
0.081706 0.000000 0.000000 0.308063 0.000000 0.521766 0.652901 0.000000 0.665658 0.000000 0.000000 0.000755 0.000000 0.201875 0.000000 0.000000 0.077609 0.059325 0.846454 0.000000 0.000000 0.411605 0.004488 0.692340 0.000000 0.000000 0.321855 0.000000
0.000000 0.000000 0.000000 0.000000 0.589090 0.000000 0.908757 0.262675 0.000000 0.000000 0.785886 0.989354 0.611408 0.000000 0.137791 0.000000 0.312901 0.916359 0.000000 0.379129 0.396197 0.058916 0.568332 0.000000 0.000000 0.779328 0.000000 0.564345
0.246655 0.000000 0.000000 0.059996 0.547932 0.000000 0.000000 0.000000 0.882877 0.000000 0.000000 0.000000 0.000000 0.000000 0.176943 0.292216 0.000000 0.000000 0.000000 0.252484 0.000000 0.000000 0.315839 0.000000 0.380921 0.000000 0.067364 0.072195
0.334467 0.000000 0.000000 0.000000 0.000000 0.024549 0.363476 0.313465 0.369548 0.000000 0.858167 0.504029 0.264168 0.000000 0.000000 0.000000 0.000000 0.000000 0.000000 0.337905 0.142284 0.046718 0.250034 0.914265 0.000000 0.151824 0.000000 0.000000
0.000000 0.584761 0.653312 0.688155 0.050509 0.000000 0.760855 0.000000 0.000000 0.359064 0.000000 0.198835 0.103286 0.385323 0.000000 0.000000 0.105138 0.852968 0.000000 0.000000 0.000000 0.000000 0.573548 0.000000 0.000000 0.000000 0.921485 0.175305
0.718999 0.615613 0.000000 0.141997 0.105557 0.000000 0.891560 0.723403 0.342758 0.358485 0.000000 0.618465 0.883708 0.000000 0.000000 0.000000 0.039117 0.052943 0.000000 0.000000 0.408454 0.188533 0.000000 0.000000 0.143445 0.000000 0.941793 0.000000
0.137648 0.000000 0.869214 0.573669 0.000000 0.060376 0.000000 0.000000 0.480904 0.000000 0.386392 0.873279 0.687991 0.841117 0.000000 0.073047 0.854800 0.000000 0.926510 0.000000 0.496332 0.644735 0.174188 0.530849 0.100537 0.000000 0.000000 0.573322
0.000000 0.954337 0.433276 0.296407 0.000000 0.260051 0.314208 0.000000 0.004861 0.905656 0.184748 0.000000 0.053735 0.450681 0.722888 0.000000 0.000000 0.000000 0.914056 0.413951 0.573796 0.000000 0.000000 0.000000 0.737430 0.000000 0.000000 0.000000
0.000000 0.000000 0.959199 0.000000 0.188419 0.904482 0.761791 0.000000 0.000000 0.000000 0.414398 0.000000 0.000000 0.000000 0.000000 0.000000 0.000000 0.000000 0.970823 0.000000 0.624680 0.000000 0.000000 0.000000 0.779598 0.000000 0.018378 0.937749
0.451619 0.802781 0.000000 0.000000 0.000000 0.368442 0.000000 0.000000 0.000000 0.000000 0.920807 0.000000 0.085376 0.000000 0.000000 0.000000 0.890288 0.000000 0.000000 0.132818 0.000000 0.000000 0.693623 0.358830 0.000000 0.000000 0.181718 0.424893
0.035669 0.662146 0.000000 0.000000 0.277134 0.000000 0.143389 0.000000 0.000000 0.000000 0.634799 0.689905 0.442339 0.379038 0.000000 0.696672 0.000000 0.758026 0.000000 0.000000 0.000000 0.000000 0.000000 0.000000 0.360321 0.000000 0.000000 0.000000
0.000000 0.000000 0.000000 0.000000 0.000000 0.807584 0.294167 0.308096 0.395423 0.000000 0.000000 0.000000 0.000000 0.396765 0.000000 0.030340 0.940501 0.009006 0.806242 0.000000 0.000000 0.000000 0.000000 0.000000 0.228875 0.000000 0.193346 0.790307
0.000000 0.000000 0.453844 0.481934 0.861735 0.000000 0.163155 0.065481 0.000000 0.000000 0.000000 0.382025 0.324193 0.000000 0.000000 0.000000 0.000000 0.543891 0.000000 0.605757 0.000000 0.000000 0.066535 0.289577 0.000000 0.000000 0.719930 0.000000
