0.366036 0.000000 0.000000 0.678111 0.000000 0.000000 0.000000 0.000000 0.000000 0.371187 0.000000 0.000000 0.000000 0.663554 0.312163 0.000000 0.000000 0.340287 0.025107 0.201369 0.000000 0.000000 0.443392 0.566020 0.422007 0.000000 0.207971 0.383743
0.000000 0.000000 0.000000 0.000000 0.928466 0.460145 0.814146 0.000000 0.671200 0.000000 0.000000 0.435304 0.000000 0.000000 0.000000 0.928923 0.176579 0.684993 0.855667 0.000000 0.341529 0.778368 0.191168 0.000000 0.000000 0.000000 0.181224 0.000000
0.425234 0.000000 0.000000 0.000000 0.000000 0.000000 0.145032 0.000000 0.260104 0.523765 0.000000 0.602259 0.000000 0.000000 0.546718 0.324475 0.000000 0.000000 0.888795 0.000000 0.000000 0.000000 0.000000 0.223953 0.581503 0.000000 0.000000 0.000000
0.089229 0.000000 0.000000 0.207713 0.000000 0.000000 0.280616 0.465697 0.799078 0.718950 0.457508 0.000000 0.000000 0.000000 0.000000 0.881141 0.000000 0.000000 0.000000 0.756301 0.947654 0.837016 0.079585 0.889074 0.985248 0.000000 0.191969 0.000000
0.000000 0.000000 0.000000 0.035156 0.000000 0.000000 0.472414 0.596212 0.714966 0.942479 0.000000 0.000000 0.911777 0.000000 0.000000 0.000000 0.000000 0.242296 0.087935 0.000000 0.000000 0.000000 0.688941 0.000000 0.873527 0.292133 0.000000 0.000000
0.000000 0.000000 0.000000 0.000000 0.858792 0.000000 0.853082 0.000000 0.000000 0.574281 0.000000 0.880154 0.000000 0.000000 0.309084 0.000000 0.000000 0.000000 0.000000 0.113364 0.000000 0.029701 0.000000 0.000000 0.000000 0.000000 0.329716 0.144070
0.000000 0.000000 0.819861 0.000000 0.677647 0.979614 0.000000 0.000000 0.000000 0.000000 0.000000 0.109102 0.000000 0.000000 0.931340 0.000000 0.346060 0.090583 0.109301 0.000000 0.000000 0.000000 0.000000 0.000000 0.450934 0.000000 0.000000 0.000000
0.000000 0.865324 0.000000 0.000000 0.000000 0.935363 0.000000 0.000000 0.000000 0.000000 0.673331 0.000000 0.000000 0.507639 0.000000 0.000000 0.849434 0.000000 0.000000 0.000000 0.000000 0.886889 0.000000 0.000000 0.000000 0.000000 0.000000 0.000000
0.000000 0.034650 0.837506 0.000000 0.000000 0.000000 0.747619 0.000000 0.000000 0.071328 0.000000 0.000000 0.000000 0.000000 0.000000 0.000000 0.000000 0.000000 0.000000 0.453006 0.721644 0.000000 0.000000 0.000000 0.000000 0.283230 0.836664 0.000000
0.179284 0.926512 0.000000 0.559754 0.000000 0.717813 0.657335 0.814263 0.000000 0.581512 0.000000 0.396609 0.000000 0.000000 0.081263 0.000000 0.850226 0.426639 0.000000 0.969042 0.557636 0.000000 0.097565 0.995099 0.000000 0.000000 0.000000 0.000000
0.000000 0.000000 0.000000 0.077170 0.000000 0.956989 0.000000 0.000000 0.000000 0.000000 0.003285 0.813325 0.000000 0.000000 0.000000 0.707009 0.000000 0.062216 0.000000 0.000000 0.000000 0.000000 0.132048 0.487313 0.000000 0.000000 0.000000 0.000000
0.000000 0.909669 0.580100 0.498679 0.000000 0.094367 0.000000 0.710390 0.000000 0.000000 0.000000 0.000000 0.000000 0.000000 0.000000 0.000000 0.000000 0.000000 0.000000 0.000000 0.000000 0.000000 0.000000 0.337566 0.000000 0.424434 0.999364 0.000000
0.950502 0.000000 0.000000 0.000000 0.000000 0.000000 0.516349 0.000000 0.007402 0.000000 0.433342 0.017566 0.000000 0.610942 0.232460 0.000000 0.386911 0.000000 0.000000 0.000000 0.000000 0.906818 0.000000 0.143938 0.000000 0.000000 0.000000 0.000000
0.000000 0.751307 0.314239 0.038266 0.000000 0.000000 0.952533 0.000000 0.000000 0.000000 0.000000 0.065756 0.506394 0.905493 0.610087 0.110211 0.954467 0.000000 0.000000 0.000000 0.743649 0.000000 0.015169 0.082466 0.000000 0.000000 0.000000 0.000000
0.000000 0.095929 0.000000 0.000000 0.711293 0.000000 0.000000 0.824916 0.887075 0.000000 0.000000 0.674948 0.000000 0.000000 0.000000 0.000000 0.000000 0.000000 0.000000 0.000000 0.850623 0.252431 0.000000 0.000000 0.000000 0.000000 0.388192 0.000000
0.000000 0.000000 0.205226 0.951939 0.000000 0.000000 0.000000 0.402288 0.117174 0.300370 0.000000 0.000000 0.000000 0.300080 0.699958 0.000000 0.000000 0.368278 0.373633 0.000000 0.075849 0.418290 0.000000 0.000000 0.454089 0.636125 0.000000 0.000000
0.580307 0.681813 0.777361 0.000000 0.000000 0.000000 0.864571 0.000000 0.000000 0.000000 0.000000 0.000000 0.014685 0.000000 0.095614 0.000000 0.000000 0.925529 0.666487 0.000000 0.000000 0.000000 0.000000 0.000000 0.000000 0.281515 0.262770 0.000000
0.000000 0.000000 0.803881 0.100498 0.000000 0.577242 0.000000 0.000000 0.696260 0.596786 0.523642 0.996065 0.000000 0.000000 0.000000 0.947866 0.000000 0.682333 0.704736 0.000000 0.000000 0.000000 0.222369 0.000000 0.771185 0.313273 0.699789 0.000000
0.529865 0.000000 0.000000 0.885343 0.000000 0.584242 0.679752 0.000000 0.659677 0.000000 0.000000 0.483018 0.000000 0.000000 0.000000 0.294588 0.000000 0.000000 0.167816 0.891329 0.000000 0.000000 0.428877 0.006275 0.841409 0.000000 0.000000 0.525621
0.000000 0.000000 0.318071 0.431430 0.375731 0.675982 0.000000 0.851118 0.000000 0.000000 0.000000 0.833019 0.000000 0.000000 0.000000 0.000000 0.000000 0.000000 0.000000 0.000000 0.000000 0.651836 0.174155 0.637550 0.000000 0.000000 0.000000 0.394296
0.512305 0.707237 0.000000 0.000000 0.000000 0.000000 0.000000 0.000000 0.000000 0.000000 0.000000 0.000000 0.502334 0.514736 0.000000 0.000000 0.000000 0.254009 0.000000 0.000000 0.949325 0.000000 0.000000 0.983288 0.356491 0.222319 0.000000 0.924535
0.134956 0.000000 0.584728 0.000000 0.494788 0.106005 0.000000 0.328098 0.000000 0.000000 0.000000 0.141730 0.000000 0.378510 0.408894 0.000000 0.028931 0.000000 0.809912 0.000000 0.000000 0.514932 0.000000 0.767626 0.000000 0.000000 0.000000 0.902308
0.000000 0.000000 0.000000 0.000000 0.000000 0.976200 0.257419 0.000000 0.000000 0.695284 0.000000 0.838629 0.469851 0.000000 0.633949 0.156053 0.000000 0.354055 0.416562 0.000000 0.000000 0.198216 0.000000 0.000000 0.000000 0.102046 0.418859 0.005142
0.000000 0.000000 0.000000 0.097807 0.000000 0.901946 0.104100 0.909787 0.000000 0.672023 0.154827 0.000000 0.000000 0.143503 0.362899 0.000000 0.224410 0.154171 0.000000 0.599510 0.000000 0.000000 0.922374 0.910155 0.000000 0.921476 0.227600 0.000000
0.383081 0.000000 0.000000 0.816705 0.000000 0.000000 0.776282 0.000000 0.000000 0.000000 0.000000 0.946639 0.000000 0.000000 0.444321 0.332385 0.000000 0.000000 0.773560 0.858667 0.000000 0.447999 0.000000 0.459555 0.000000 0.000000 0.000000 0.515886
0.000000 0.000000 0.000000 0.000000 0.373522 0.000000 0.000000 0.033281 0.469576 0.656684 0.000000 0.089170 0.000000 0.000000 0.000000 0.000000 0.000000 0.000000 0.000000 0.409658 0.000000 0.000000 0.000000 0.000000 0.000000 0.997755 0.000000 0.000000
0.479328 0.661266 0.882980 0.000000 0.000471 0.000000 0.009633 0.000000 0.000000 0.000000 0.000000 0.026836 0.000000 0.622321 0.324390 0.545873 0.000000 0.000000 0.000000 0.568062 0.892050 0.451210 0.859869 0.318661 0.895268 0.213598 0.000000 0.690524
0.000000 0.000000 0.851579 0.934644 0.000000 0.000000 0.000000 0.000000 0.425299 0.697839 0.482990 0.441421 0.000000 0.626777 0.811645 0.000000 0.000000 0.148192 0.805949 0.000000 0.000000 0.000000 0.759780 0.000000 0.000000 0.513450 0.000000 0.000000
