0.529269 0.000000 0.000000 0.000000 0.981251 0.000000 0.000000 0.000000 0.000000 0.000000 0.000000 0.000000 0.000000 0.000000 0.000000 0.406594 0.227360 0.000000 0.000000 0.000000 0.000000 0.000000 0.000000 0.226285 0.000000 0.563407 0.000000 0.620390
0.000000 0.000000 0.000000 0.657124 0.291282 0.000000 0.000000 0.000000 0.643075 0.000000 0.074251 0.000000 0.000000 0.000000 0.000000 0.708300 0.678969 0.000000 0.000000 0.835606 0.000000 0.654722 0.425067 0.000000 0.360013 0.344305 0.000000 0.000000
0.787201 0.000000 0.616267 0.000000 0.070030 0.000000 0.860055 0.000000 0.817933 0.476200 0.000000 0.912157 0.298484 0.000000 0.000000 0.000000 0.000000 0.000000 0.000000 0.743865 0.000000 0.000000 0.000000 0.000000 0.000000 0.000000 0.838515 0.000000
0.760594 0.000000 0.000000 0.000000 0.000000 0.000000 0.000000 0.564262 0.351572 0.000000 0.000000 0.000000 0.000000 0.000000 0.000000 0.000000 0.995666 0.000000 0.000000 0.000000 0.350556 0.000000 0.000000 0.000000 0.000000 0.000000 0.000000 0.122995
0.435281 0.000000 0.000000 0.000000 0.000000 0.095919 0.000000 0.000000 0.000000 0.000000 0.000000 0.000000 0.000000 0.064579 0.386080 0.000000 0.969066 0.000000 0.293869 0.884227 0.000000 0.000000 0.000000 0.000000 0.000000 0.000000 0.866298 0.000000
0.576433 0.445776 0.322178 0.497359 0.000000 0.976516 0.000000 0.175931 0.000000 0.000000 0.638718 0.000000 0.000000 0.000000 0.000000 0.000000 0.000000 0.171381 0.826728 0.539387 0.000000 0.000000 0.000000 0.550709 0.000000 0.000000 0.000000 0.789738
0.000000 0.000000 0.000000 0.168910 0.000000 0.000000 0.744333 0.000000 0.000000 0.000000 0.000000 0.000000 0.000000 0.000000 0.000000 0.562394 0.000000 0.000000 0.000000 0.283665 0.000000 0.000000 0.385815 0.593593 0.000000 0.000000 0.000000 0.000000
0.000000 0.376656 0.000000 0.815521 0.000000 0.000000 0.000000 0.000000 0.000000 0.000000 0.000000 0.000000 0.827684 0.000000 0.000000 0.000000 0.126938 0.576229 0.202230 0.000000 0.000000 0.000000 0.798739 0.754089 0.000000 0.000000 0.805243 0.000000
0.000000 0.000000 0.000000 0.000000 0.077207 0.000000 0.000000 0.000000 0.000000 0.000000 0.000000 0.973171 0.000000 0.000000 0.590514 0.890231 0.000000 0.000000 0.574915 0.211080 0.757261 0.000000 0.000000 0.000000 0.000000 0.000000 0.000000 0.027288
0.962906 0.000000 0.000000 0.000000 0.615734 0.000000 0.276848 0.000000 0.152538 0.000000 0.514137 0.000000 0.000000 0.000000 0.786658 0.000000 0.000000 0.000000 0.000000 0.000000 0.000000 0.732798 0.000000 0.113353 0.488197 0.000000 0.390300 0.000000
0.000000 0.000000 0.087463 0.000000 0.363873 0.000000 0.000000 0.933166 0.000000 0.000000 0.000000 0.000000 0.000000 0.000000 0.000000 0.000000 0.000000 0.000000 0.000000 0.948603 0.550434 0.000000 0.000000 0.000000 0.000000 0.873391 0.000000 0.000000
0.045733 0.666587 0.000000 0.000000 0.000000 0.000000 0.000000 0.000000 0.762836 0.757767 0.000000 0.102329 0.775453 0.252551 0.443911 0.000000 0.000000 0.000000 0.429646 0.000000 0.233734 0.000000 0.431501 0.000000 0.000000 0.000000 0.000000 0.000000
0.000000 0.000000 0.766651 0.000000 0.000000 0.934143 0.000000 0.000000 0.000000 0.000000 0.000000 0.000000 0.655798 0.000000 0.000000 0.000000 0.000000 0.000000 0.000000 0.039930 0.000000 0.000000 0.000000 0.000000 0.000000 0.000000 0.000000 0.000000
0.000000 0.000000 0.000000 0.000000 0.483774 0.268008 0.430770 0.702275 0.208234 0.596876 0.000000 0.000000 0.000000 0.000000 0.000000 0.000000 0.000000 0.146733 0.000000 0.697180 0.000000 0.192411 0.406299 0.000000 0.000000 0.000000 0.000000 0.496878
0.000000 0.000000 0.000000 0.000000 0.588897 0.000000 0.081667 0.272779 0.844761 0.000000 0.000000 0.000000 0.000000 0.113714 0.000000 0.000000 0.000000 0.000000 0.000000 0.000000 0.000000 0.000000 0.000000 0.000000 0.000000 0.000000 0.000000 0.000000
0.980846 0.000000 0.698573 0.000000 0.969852 0.000000 0.694078 0.000000 0.098036 0.000000 0.000000 0.000000 0.000000 0.187516 0.724211 0.338494 0.028887 0.000000 0.000000 0.000000 0.578765 0.000000 0.000000 0.663228 0.432935 0.000000 0.000000 0.000000
0.000000 0.000000 0.860568 0.000000 0.000000 0.000000 0.000000 0.561442 0.122229 0.000000 0.000000 0.000000 0.718071 0.625156 0.000000 0.000000 0.000000 0.000000 0.000000 0.000000 0.000000 0.898422 0.000000 0.000000 0.000000 0.000000 0.000000 0.000000
0.000000 0.000000 0.816215 0.936629 0.000000 0.000000 0.657796 0.430388 0.000000 0.000000 0.000000 0.000000 0.000000 0.000000 0.000000 0.655533 0.963705 0.000000 0.000000 0.000000 0.000000 0.591200 0.000000 0.000000 0.899234 0.000000 0.000000 0.236667
0.000000 0.000000 0.645465 0.573651 0.000000 0.000000 0.000000 0.000000 0.000000 0.000000 0.000000 0.000000 0.073737 0.000000 0.000000 0.000000 0.000000 0.158047 0.000000 0.000000 0.000000 0.329453 0.000000 0.000000 0.766886 0.000000 0.000000 0.000000
0.000000 0.000000 0.000000 0.000000 0.000000 0.720126 0.000000 0.000000 0.000000 0.434660 0.722794 0.000000 0.601793 0.000000 0.038028 0.000000 0.000000 0.377236 0.000000 0.812936 0.000000 0.000000 0.180988 0.000000 0.824179 0.885665 0.815389 0.000000
0.672609 0.422539 0.000000 0.000000 0.171508 0.000000 0.000000 0.000000 0.462471 0.000000 0.000000 0.000000 0.176868 0.627034 0.000000 0.000000 0.000000 0.000000 0.000000 0.000000 0.000000 0.000000 0.000000 0.188552 0.000000 0.000000 0.534794 0.000000
0.000000 0.828917 0.564610 0.840822 0.000000 0.000000 0.000000 0.899163 0.000000 0.000000 0.000000 0.000000 0.449768 0.280228 0.244254 0.000000 0.000000 0.576309 0.000000 0.899478 0.842178 0.000000 0.294401 0.000000 0.721708 0.792052 0.000000 0.000000
0.000000 0.000000 0.143083 0.223564 0.000000 0.000000 0.000000 0.340660 0.067359 0.000000 0.297640 0.401970 0.995273 0.983446 0.000000 0.331876 0.000000 0.489771 0.000000 0.629472 0.000000 0.000000 0.000000 0.000000 0.000000 0.000000 0.000000 0.000000
0.000000 0.000000 0.000000 0.657686 0.000000 0.000000 0.004224 0.000000 0.446017 0.487889 0.000000 0.000000 0.000000 0.000000 0.635324 0.074241 0.199513 0.000000 0.000000 0.000000 0.415991 0.000000 0.000000 0.000000 0.000000 0.000000 0.000000 0.178572
0.000000 0.000000 0.045365 0.000000 0.000000 0.000000 0.000000 0.000000 0.000000 0.000000 0.000000 0.589621 0.000000 0.000000 0.395885 0.000000 0.000000 0.000000 0.000000 0.000000 0.000000 0.000000 0.000000 0.000000 0.000000 0.000000 0.747126 0.000000
0.000000 0.000000 0.000000 0.000000 0.000000 0.000000 0.848627 0.731157 0.327152 0.000000 0.000000 0.000000 0.842014 0.000000 0.000000 0.000000 0.000000 0.662328 0.532528 0.000000 0.050246 0.000000 0.000000 0.000000 0.000000 0.477903 0.000000 0.866138
0.000000 0.771772 0.000000 0.000000 0.000000 0.000000 0.745494 0.000000 0.000000 0.000000 0.993965 0.114713 0.000000 0.986289 0.000000 0.000000 0.000000 0.000000 0.000000 0.000000 0.000000 0.542256 0.000000 0.000000 0.196554 0.000000 0.000000 0.424171
0.000000 0.000000 0.000000 0.000000 0.491204 0.000000 0.000000 0.000000 0.000000 0.974274 0.000000 0.000000 0.053176 0.000000 0.000000 0.000000 0.000000 0.000000 0.000000 0.000000 0.610440 0.050267 0.000000 0.000000 0.000000 0.000000 0.000000 0.000000
