0.000000 0.000000 0.000000 0.000000 0.000000 0.000000 0.000000 0.000000 0.000000 0.000000 0.000000 0.000000 0.000000 0.000000 0.000000 0.000000 0.000000 0.000000 0.935919 0.000000 0.000000 0.000000 0.000000 0.000000 0.000000 0.000000 0.000000 0.000000
0.000000 0.000000 0.000000 0.000000 0.000000 0.348254 0.000000 0.000000 0.000000 0.000000 0.000000 0.085302 0.853029 0.000000 0.000000 0.000000 0.000000 0.000000 0.838039 0.406089 0.000000 0.463061 0.166407 0.000000 0.534097 0.000000 0.000000 0.000000
0.000000 0.000000 0.000000 0.000000 0.000000 0.000000 0.000000 0.871156 0.763059 0.000000 0.000000 0.000000 0.000000 0.000000 0.000000 0.000000 0.000000 0.000000 0.000000 0.000000 0.000000 0.000000 0.000000 0.000000 0.000000 0.000000 0.072644 0.000000
0.000000 0.000000 0.000000 0.255077 0.000000 0.000000 0.000000 0.968417 0.000000 0.000000 0.000000 0.000000 0.000000 0.013889 0.958578 0.280522 0.000000 0.869992 0.000000 0.000000 0.000000 0.000000 0.000000 0.000000 0.000000 0.000000 0.000000 0.391244
0.000000 0.000000 0.000000 0.000000 0.000000 0.000000 0.000000 0.000000 0.000000 0.052128 0.000000 0.685323 0.000000 0.000000 0.000000 0.000000 0.000000 0.000000 0.000000 0.057447 0.000000 0.000000 0.738844 0.000000 0.000000 0.000000 0.000000 0.000000
0.000000 0.000000 0.000000 0.000000 0.000000 0.000000 0.000000 0.000000 0.000000 0.023560 0.142415 0.000000 0.000000 0.000000 0.000000 0.803885 0.000000 0.000000 0.000000 0.000000 0.000000 0.000000 0.000000 0.000000 0.906704 0.263431 0.000000 0.000000
0.000000 0.000000 0.000000 0.000000 0.141611 0.659608 0.000000 0.000000 0.000000 0.000000 0.000000 0.000000 0.000000 0.000000 0.000000 0.395841 0.172326 0.000000 0.000000 0.000000 0.000000 0.000000 0.000000 0.000000 0.003289 0.000000 0.000000 0.000000
0.000000 0.000000 0.000000 0.000000 0.000000 0.000000 0.363229 0.217489 0.000000 0.000000 0.000000 0.000000 0.000000 0.000000 0.000000 0.059841 0.000000 0.000000 0.000000 0.000000 0.000000 0.000000 0.000000 0.000000 0.000000 0.002033 0.827405 0.000000
0.000000 0.000000 0.748912 0.000000 0.000000 0.000000 0.000000 0.136963 0.000000 0.432744 0.000000 0.000000 0.983865 0.000000 0.077283 0.990655 0.000000 0.231981 0.000000 0.000000 0.000000 0.222930 0.000000 0.000000 0.000000 0.000000 0.000000 0.000000
0.000000 0.000000 0.000000 0.000000 0.000000 0.000000 0.000000 0.642418 0.521548 0.000000 0.000000 0.475935 0.651716 0.000000 0.801084 0.000000 0.000000 0.000000 0.000000 0.753822 0.000000 0.000000 0.000000 0.000000 0.986744 0.273950 0.000000 0.000000
0.201557 0.000000 0.086670 0.000000 0.000000 0.554395 0.000000 0.557204 0.000000 0.000000 0.000000 0.887063 0.000000 0.595452 0.000000 0.000000 0.000000 0.000000 0.000000 0.000000 0.000000 0.395213 0.194759 0.000000 0.000000 0.000000 0.000000 0.000000
0.482929 0.000000 0.000000 0.000000 0.000000 0.000000 0.000000 0.000000 0.000000 0.000000 0.000000 0.000000 0.000000 0.000000 0.000000 0.000000 0.000000 0.000000 0.000000 0.000000 0.000000 0.000000 0.000000 0.541016 0.000000 0.124103 0.000000 0.000000
0.000000 0.000000 0.000000 0.000000 0.000000 0.631125 0.000000 0.000000 0.318285 0.000000 0.000000 0.000000 0.000000 0.000000 0.000000 0.315211 0.000000 0.000000 0.000000 0.000000 0.000000 0.000000 0.665329 0.000000 0.000000 0.000000 0.800740 0.000000
0.000000 0.000000 0.000000 0.000000 0.000000 0.477503 0.000000 0.000000 0.000000 0.000000 0.000000 0.359594 0.000000 0.000000 0.000000 0.000000 0.000000 0.000000 0.000000 0.089816 0.000000 0.000000 0.654749 0.650703 0.000000 0.000000 0.000000 0.000000
0.000000 0.000000 0.000000 0.836360 0.000000 0.000000 0.032532 0.000000 0.000000 0.000000 0.691878 0.000000 0.000000 0.000000 0.000000 0.229389 0.000000 0.000000 0.395792 0.000000 0.272832 0.000000 0.000000 0.000000 0.000000 0.000000 0.000000 0.000000
0.000000 0.000000 0.000000 0.000000 0.000000 0.000000 0.000000 0.000000 0.000000 0.000000 0.000000 0.000000 0.000000 0.170107 0.000000 0.000000 0.000000 0.000000 0.000000 0.000000 0.000000 0.000000 0.000000 0.000000 0.380689 0.000000 0.582075 0.000000
0.000000 0.000000 0.000000 0.418986 0.000000 0.000000 0.000000 0.000000 0.584125 0.000000 0.000000 0.567270 0.000000 0.000000 0.000000 0.000000 0.000000 0.000000 0.000000 0.000000 0.000000 0.000000 0.951477 0.000000 0.000000 0.587807 0.106390 0.000000
0.000000 0.000000 0.000000 0.889549 0.000000 0.000000 0.849186 0.000000 0.000000 0.000000 0.097705 0.000000 0.000000 0.000000 0.479498 0.145777 0.000000 0.941344 0.958279 0.000000 0.000000 0.000000 0.000000 0.000000 0.284660 0.000000 0.000000 0.296990
0.000000 0.000000 0.945576 0.000000 0.000000 0.000000 0.000000 0.716124 0.000000 0.877770 0.978313 0.008347 0.000000 0.000000 0.000000 0.000000 0.000000 0.079288 0.948522 0.000000 0.000000 0.000000 0.000000 0.000000 0.755414 0.000000 0.000000 0.000000
0.000000 0.659128 0.000000 0.000000 0.762268 0.000000 0.000000 0.000000 0.000000 0.000000 0.000000 0.000000 0.000000 0.000000 0.000000 0.000000 0.000000 0.273053 0.000000 0.000000 0.535521 0.000000 0.000000 0.000000 0.084936 0.000000 0.000000 0.000000
0.000000 0.000000 0.000000 0.000000 0.000000 0.453784 0.000000 0.000000 0.000000 0.000000 0.000000 0.000000 0.176516 0.000000 0.000000 0.000000 0.000000 0.000000 0.000000 0.000000 0.000000 0.000000 0.000000 0.000000 0.000000 0.189309 0.000000 0.000000
0.000000 0.000000 0.000000 0.000000 0.000000 0.000000 0.000000 0.000000 0.000000 0.774304 0.000000 0.000000 0.000000 0.000000 0.240630 0.000000 0.000000 0.000000 0.000000 0.000000 0.000000 0.000000 0.000000 0.000000 0.000000 0.000000 0.000000 0.430402
0.000000 0.000000 0.000000 0.000000 0.000000 0.000000 0.000000 0.000000 0.039629 0.495270 0.000000 0.031232 0.000000 0.000000 0.161083 0.000000 0.000000 0.000000 0.804530 0.000000 0.000000 0.000000 0.000000 0.000000 0.000000 0.561691 0.000000 0.000000
0.870963 0.000000 0.000000 0.000000 0.000000 0.000000 0.000000 0.000000 0.346950 0.000000 0.054968 0.000000 0.000000 0.000000 0.000000 0.000000 0.000000 0.000000 0.000000 0.603203 0.000000 0.000000 0.743359 0.000000 0.000000 0.000000 0.758936 0.000000
0.444440 0.000000 0.000000 0.000000 0.000000 0.001759 0.000000 0.000000 0.000000 0.000000 0.000000 0.000000 0.000000 0.000000 0.000000 0.000000 0.000000 0.000000 0.369420 0.352705 0.000000 0.391083 0.074693 0.000000 0.000000 0.000000 0.984760 0.000000
0.000000 0.000000 0.000000 0.000000 0.000000 0.000000 0.080115 0.000000 0.000000 0.914577 0.000000 0.153391 0.932658 0.000000 0.666751 0.000000 0.000000 0.000000 0.000000 0.354874 0.000000 0.000000 0.000000 0.000000 0.000000 0.212506 0.000000 0.000000
0.000000 0.000000 0.000000 0.851957 0.000000 0.000000 0.000000 0.964780 0.000000 0.000000 0.000000 0.000000 0.000000 0.000000 0.000000 0.453786 0.629380 0.196845 0.000000 0.000000 0.000000 0.000000 0.000000 0.000000 0.000000 0.000000 0.000000 0.241432
0.000000 0.000000 0.000000 0.495027 0.856531 0.000000 0.000000 0.000000 0.000000 0.703041 0.000000 0.675688 0.000000 0.000000 0.000000 0.673199 0.000000 0.000000 0.000000 0.000000 0.000000 0.340191 0.000000 0.000000 0.000000 0.000000 0.000000 0.440661
