0.000000 0.000000 0.000000 0.000000 0.000000 0.000000 0.000000 0.000000 0.000000 0.000000 0.579202 0.000000 0.000000 0.000000 0.000000 0.000000 0.000000 0.000000 0.000000 0.000000 0.000000 0.000000 0.000000 0.515600 0.092343 0.000000 0.000000 0.000000
0.000000 0.000000 0.000000 0.272272 0.000000 0.000000 0.000000 0.000000 0.718237 0.000000 0.000000 0.000000 0.000000 0.000000 0.000000 0.000000 0.000000 0.000000 0.000000 0.000000 0.000000 0.000000 0.000000 0.000000 0.000000 0.000000 0.000000 0.000000
0.000000 0.000000 0.000000 0.000000 0.000000 0.000000 0.000000 0.000000 0.000000 0.000000 0.000000 0.000000 0.000000 0.000000 0.000000 0.000000 0.000000 0.000000 0.000000 0.000000 0.000000 0.000000 0.074910 0.000000 0.000000 0.444651 0.000000 0.000000
0.000000 0.000000 0.000000 0.000000 0.000000 0.000000 0.382380 0.000000 0.883673 0.000000 0.000000 0.000000 0.000000 0.000000 0.000000 0.000000 0.717129 0.000000 0.000000 0.000000 0.000000 0.000000 0.000000 0.000000 0.483395 0.000000 0.000000 0.000000
0.995590 0.000000 0.000000 0.000000 0.000000 0.368201 0.000000 0.000000 0.000000 0.000000 0.000000 0.000000 0.243666 0.000000 0.000000 0.000000 0.453978 0.000000 0.172617 0.053154 0.000000 0.000000 0.043372 0.000000 0.000000 0.000000 0.000000 0.000000
0.000000 0.000000 0.000000 0.000000 0.000000 0.000000 0.000000 0.000000 0.000000 0.000000 0.000000 0.000000 0.000000 0.000000 0.000000 0.000000 0.000000 0.000000 0.000000 0.000000 0.000000 0.000000 0.000000 0.000000 0.000000 0.000000 0.000000 0.067155
0.000000 0.000000 0.000000 0.916172 0.000000 0.919740 0.000000 0.000000 0.000000 0.000000 0.031726 0.000000 0.000000 0.000000 0.000000 0.000000 0.341685 0.750361 0.000000 0.087302 0.000000 0.000000 0.632968 0.000000 0.000000 0.000000 0.974686 0.000000
0.000000 0.000000 0.000000 0.000000 0.000000 0.000000 0.000000 0.000000 0.000000 0.000000 0.000000 0.000000 0.000000 0.000000 0.000000 0.000000 0.000000 0.000000 0.000000 0.000000 0.000000 0.000000 0.952426 0.103826 0.000000 0.000000 0.000000 0.000000
0.000000 0.000000 0.000000 0.000000 0.000000 0.000000 0.000000 0.000000 0.128879 0.000000 0.000000 0.000000 0.000000 0.000000 0.000000 0.000000 0.000000 0.000000 0.000000 0.180670 0.000000 0.000000 0.000000 0.000000 0.000000 0.000000 0.000000 0.000000
0.000000 0.000000 0.000000 0.000000 0.402934 0.000000 0.000000 0.000000 0.000000 0.000000 0.000000 0.000000 0.592799 0.000000 0.000000 0.801669 0.000000 0.000000 0.000000 0.000000 0.000000 0.000000 0.000000 0.000000 0.000000 0.000000 0.000000 0.000000
0.000000 0.000000 0.000000 0.000000 0.000000 0.000000 0.000000 0.000000 0.000000 0.000000 0.000000 0.000000 0.000000 0.000000 0.000000 0.000000 0.000000 0.000000 0.000000 0.000000 0.000000 0.000000 0.000000 0.000000 0.098831 0.000000 0.000000 0.000000
0.000000 0.000000 0.011971 0.000000 0.000000 0.000000 0.063453 0.000000 0.000000 0.000000 0.000000 0.000000 0.000000 0.499101 0.315767 0.000000 0.000000 0.000000 0.000000 0.000000 0.000000 0.000000 0.000000 0.000000 0.000000 0.000000 0.000000 0.000000
0.000000 0.000000 0.000000 0.000000 0.000000 0.000000 0.000000 0.000000 0.175535 0.000000 0.000000 0.000000 0.000000 0.000000 0.000000 0.000000 0.000000 0.000000 0.000000 0.000000 0.422129 0.000000 0.000000 0.000000 0.000000 0.000000 0.000000 0.000000
0.000000 0.000000 0.000000 0.000000 0.000000 0.000000 0.000000 0.000000 0.000000 0.000000 0.000000 0.000000 0.000000 0.000000 0.000000 0.000000 0.000000 0.000000 0.000000 0.000000 0.000000 0.000000 0.000000 0.000000 0.000000 0.000000 0.000000 0.000000
0.000000 0.000000 0.000000 0.000000 0.000000 0.403066 0.000000 0.000000 0.000000 0.000000 0.000000 0.000000 0.000000 0.000000 0.000000 0.000000 0.000000 0.000000 0.000000 0.000000 0.000000 0.000000 0.000000 0.000000 0.000000 0.000000 0.893691 0.670742
0.000000 0.000000 0.000000 0.000000 0.000000 0.000000 0.000000 0.000000 0.000000 0.000000 0.045798 0.000000 0.314113 0.000000 0.000000 0.000000 0.000000 0.207540 0.000000 0.000000 0.000000 0.000000 0.000000 0.000000 0.000000 0.000000 0.032571 0.000000
0.000000 0.000000 0.503807 0.000000 0.000000 0.000000 0.000000 0.051463 0.000000 0.000000 0.000000 0.000000 0.000000 0.000000 0.000000 0.000000 0.000000 0.000000 0.000000 0.000000 0.000000 0.000000 0.000000 0.000000 0.000000 0.000000 0.000000 0.000000
0.000000 0.000000 0.000000 0.000000 0.000000 0.000000 0.000000 0.000000 0.000000 0.000000 0.000000 0.000000 0.000000 0.000000 0.000000 0.000000 0.000000 0.000000 0.533028 0.000000 0.000000 0.000000 0.891774 0.000000 0.000000 0.000000 0.000000 0.000000
0.000000 0.000000 0.000000 0.721689 0.000000 0.000000 0.000000 0.000000 0.000000 0.000000 0.301468 0.000000 0.000000 0.000000 0.000000 0.074443 0.000000 0.000000 0.000000 0.000000 0.000000 0.000000 0.000000 0.000000 0.000000 0.000000 0.000000 0.000000
0.000000 0.000000 0.000000 0.000000 0.000000 0.000000 0.000000 0.000000 0.000000 0.000000 0.000000 0.000000 0.000000 0.000000 0.000000 0.000000 0.000000 0.000000 0.000000 0.000000 0.000000 0.000000 0.000000 0.000000 0.000000 0.000000 0.000000 0.000000
0.000000 0.000000 0.000000 0.000000 0.000000 0.000000 0.000000 0.000000 0.000000 0.000000 0.000000 0.000000 0.000000 0.000000 0.000000 0.000000 0.000000 0.000000 0.000000 0.000000 0.369423 0.000000 0.000000 0.000000 0.411763 0.000000 0.000000 0.000000
0.000000 0.000000 0.000000 0.000000 0.000000 0.797148 0.000000 0.439913 0.000000 0.000000 0.000000 0.000000 0.000000 0.000000 0.000000 0.000000 0.000000 0.000000 0.000000 0.000000 0.000000 0.369007 0.000000 0.000000 0.000000 0.000000 0.000000 0.000000
0.000000 0.000000 0.000000 0.000000 0.000000 0.000000 0.000000 0.000000 0.000000 0.000000 0.000000 0.000000 0.219933 0.000000 0.000000 0.000000 0.000000 0.000000 0.000000 0.000000 0.000000 0.470273 0.000000 0.000000 0.000000 0.477066 0.000000 0.000000
0.000000 0.000000 0.000000 0.000000 0.000000 0.000000 0.000000 0.000000 0.000000 0.000000 0.000000 0.000000 0.000000 0.870155 0.000000 0.000000 0.000000 0.954420 0.665501 0.000000 0.000000 0.000000 0.000000 0.000000 0.000000 0.000000 0.000000 0.000000
0.000000 0.000000 0.000000 0.000000 0.000000 0.000000 0.000000 0.000000 0.000000 0.000000 0.000000 0.000000 0.000000 0.000000 0.000000 0.000000 0.000000 0.000000 0.000000 0.000000 0.000000 0.000000 0.000000 0.000000 0.000000 0.000000 0.412794 0.000000
0.000000 0.000000 0.419646 0.000000 0.000000 0.379548 0.000000 0.000000 0.000000 0.000000 0.000000 0.000000 0.000000 0.000000 0.000000 0.000000 0.000000 0.000000 0.000000 0.000000 0.000000 0.000000 0.000000 0.000000 0.000000 0.000000 0.000000 0.000000
0.000000 0.000000 0.000000 0.311657 0.000000 0.000000 0.000000 0.000000 0.000000 0.000000 0.000000 0.000000 0.000000 0.000000 0.000000 0.980879 0.000000 0.103270 0.000000 0.847907 0.011457 0.000000 0.000000 0.838559 0.000000 0.000000 0.000000 0.000000
0.000000 0.000000 0.000000 0.000000 0.000000 0.000000 0.000000 0.000000 0.000000 0.144341 0.000000 0.000000 0.000000 0.000000 0.000000 0.000000 0.000000 0.549033 0.846507 0.000000 0.000000 0.000000 0.000000 0.000000 0.000000 0.000000 0.000000 0.000000
