0.127671 0.088762 0.506099 0.006830 0.000000 0.168280 0.075058 0.070217 0.092922 0.133922 0.184828 0.087625 0.083504 0.061042
0.680641 0.641501 0.254910 0.012680 0.000000 0.000000 0.019971 0.108223 0.157553 0.198922 0.261796 0.138538 0.118545 0.000000
0.251813 0.292145 0.177396 0.250036 0.572040 0.245628 0.000000 0.049541 0.114802 0.086989 0.097694 0.050488 0.089963 0.007381
0.088049 0.200348 0.133349 0.146995 0.404563 0.437465 0.000000 0.051891 0.021437 0.000292 0.000000 0.081021 0.181804 0.021629
0.082346 0.112313 0.000000 0.000000 0.018268 0.301056 0.000000 0.000000 0.155172 0.152982 0.126859 0.139940 0.174418 0.078943
0.078562 0.082789 0.035716 0.075424 0.130268 0.256981 0.132426 0.000000 0.024392 0.116979 0.089212 0.122704 0.160713 0.040874
0.010933 0.032709 0.063148 0.135223 0.149050 0.153212 0.089396 0.301955 0.008705 0.054756 0.064652 0.091759 0.103148 0.087182
0.051116 0.074422 0.126496 0.090800 0.104047 0.175141 0.115246 0.045355 0.411377 0.000000 0.013201 0.077006 0.148755 0.085497
0.008350 0.087163 0.106062 0.059033 0.093643 0.160494 0.163391 0.065163 0.346633 0.245556 0.020046 0.124669 0.166391 0.091685
0.000000 0.000000 0.077032 0.121517 0.129753 0.188989 0.193487 0.137888 0.175700 0.236204 0.018125 0.115979 0.070872 0.000000
0.000000 0.000000 0.000000 0.022234 0.141534 0.126863 0.145197 0.134730 0.154356 0.080501 0.074771 0.088297 0.091678 0.244078
0.000000 0.000000 0.000000 0.001059 0.080878 0.160972 0.234785 0.269291 0.287125 0.230113 0.169878 0.199289 0.180431 0.445124
0.152762 0.023932 0.075614 0.161276 0.200943 0.296955 0.271400 0.311732 0.238954 0.227782 0.218360 0.269963 0.226989 0.205580
0.042556 0.030885 0.076285 0.081043 0.092395 0.186115 0.151254 0.295300 0.209383 0.179445 0.168639 0.257670 0.202741 0.147830
