0.224555 0.633227 0.658512 0.071145 0.000000 0.245825 0.540119 0.351936 0.000000 0.031492 0.031702 0.038796 0.000000 0.000000 0.000000 0.268550 0.056306 0.216656 0.137428 0.088452 0.241311 0.426324 0.037825 0.131486 0.239071 0.000000 0.229741 0.539212
0.614095 0.330884 0.208267 0.000000 0.000000 0.000000 0.374924 0.313684 0.000000 0.287694 0.000000 0.107503 0.072078 0.000000 0.000000 0.000000 0.000000 0.006562 0.000000 0.045813 0.084303 0.075173 0.000000 0.061324 0.140924 0.000000 0.000000 0.319799
0.404442 0.000000 0.000000 0.000000 0.000000 0.000000 0.000000 0.102431 0.000000 0.000000 0.120385 0.151069 0.000000 0.000000 0.038139 0.000000 0.000000 0.000000 0.000000 0.000000 0.000000 0.000000 0.000000 0.179449 0.117338 0.005824 0.000000 0.000000
0.155992 0.000000 0.080995 0.000000 0.000000 0.000000 0.000000 0.000000 0.011322 0.000000 0.000000 0.111897 0.000000 0.000000 0.283841 0.000000 0.000000 0.000000 0.000000 0.000000 0.011088 0.000000 0.000000 0.016923 0.202658 0.000000 0.000000 0.000000
0.228445 0.083973 0.000000 0.000000 0.535421 0.069096 0.000000 0.064015 0.292736 0.000000 0.021310 0.215489 0.000000 0.000000 0.000000 0.000000 0.000000 0.000000 0.065259 0.000000 0.000000 0.000000 0.000000 0.000000 0.000000 0.253867 0.278752 0.000000
0.000000 0.391371 0.000000 0.000000 0.257489 0.078795 0.000000 0.000000 0.000000 0.000000 0.059299 0.045849 0.000000 0.000000 0.136304 0.000000 0.094207 0.178235 0.132747 0.000000 0.000000 0.000000 0.000000 0.000000 0.083296 0.182922 0.160392 0.000000
0.000000 0.330128 0.088707 0.000000 0.000000 0.000000 0.000000 0.000000 0.000000 0.000000 0.000000 0.211481 0.114822 0.365979 0.127202 0.000000 0.056811 0.000000 0.000000 0.002203 0.042541 0.086655 0.000000 0.000000 0.000000 0.162558 0.128738 0.298675
0.098662 0.466875 0.604059 0.419172 0.306601 0.000000 0.000000 0.000000 0.000000 0.000000 0.000000 0.000000 0.380282 0.259711 0.000000 0.285832 0.220025 0.000000 0.000000 0.079982 0.313741 0.000000 0.000000 0.000000 0.000000 0.000000 0.000000 0.000000
0.000000 0.024047 0.091942 0.091539 0.090580 0.076192 0.000000 0.000000 0.000000 0.000000 0.000000 0.000000 0.233148 0.099256 0.000000 0.000000 0.210644 0.000000 0.000000 0.011700 0.062110 0.000000 0.000000 0.112306 0.000000 0.000000 0.000000 0.000000
0.000000 0.000000 0.073936 0.050875 0.000000 0.000000 0.000000 0.000000 0.000000 0.000000 0.000000 0.000000 0.205294 0.259536 0.000000 0.000000 0.000000 0.000000 0.000000 0.000000 0.000000 0.000000 0.000000 0.000000 0.000000 0.000000 0.000000 0.000000
0.000000 0.000000 0.000000 0.000000 0.000000 0.000000 0.000000 0.000000 0.000000 0.032009 0.000000 0.000000 0.000000 0.000000 0.000000 0.000000 0.000000 0.000000 0.000000 0.000000 0.000000 0.000000 0.000000 0.000000 0.000000 0.000000 0.000000 0.000000
0.000000 0.000000 0.000000 0.000000 0.000000 0.000000 0.000000 0.000000 0.000000 0.001332 0.000000 0.000000 0.000000 0.000000 0.000000 0.000000 0.000000 0.000000 0.000000 0.000000 0.000000 0.000000 0.000000 0.000000 0.000000 0.000000 0.000000 0.000000
0.030737 0.000000 0.000000 0.000000 0.000205 0.000000 0.000000 0.000000 0.000000 0.000000 0.000000 0.007759 0.000000 0.000000 0.000000 0.000000 0.000000 0.000000 0.000000 0.000000 0.000000 0.000000 0.000000 0.000000 0.000000 0.000000 0.000000 0.000000
0.000000 0.000000 0.000000 0.000000 0.000000 0.000000 0.000000 0.000000 0.000000 0.000000 0.000000 0.036406 0.000000 0.000000 0.000000 0.000000 0.000000 0.000000 0.000000 0.000000 0.000000 0.000000 0.000000 0.000000 0.000000 0.000000 0.000000 0.000000
0.000000 0.000000 0.000000 0.000000 0.000000 0.000000 0.000000 0.000000 0.002267 0.049445 0.039864 0.000000 0.000000 0.000000 0.000000 0.000000 0.000000 0.000000 0.000000 0.000000 0.000000 0.000000 0.000000 0.000000 0.000000 0.000000 0.000000 0.000000
0.000000 0.000000 0.000000 0.000000 0.000000 0.000000 0.000000 0.000000 0.053109 0.006019 0.000000 0.000000 0.000000 0.000000 0.000000 0.000000 0.000000 0.000000 0.000000 0.000000 0.000000 0.000000 0.000000 0.000000 0.000000 0.000000 0.000000 0.000000
0.000000 0.000000 0.000000 0.000000 0.000000 0.000000 0.000000 0.033215 0.018235 0.000000 0.000000 0.000000 0.000000 0.000000 0.000000 0.000000 0.000000 0.000000 0.000000 0.000000 0.000000 0.000000 0.000000 0.000000 0.000000 0.000000 0.000000 0.000000
0.000000 0.000000 0.000000 0.000000 0.000000 0.000000 0.000000 0.002594 0.000000 0.000000 0.000000 0.000000 0.000000 0.000000 0.000000 0.000000 0.000000 0.000000 0.000000 0.000000 0.000000 0.000000 0.000000 0.000000 0.000000 0.000000 0.000000 0.000000
0.001291 0.000000 0.002136 0.000000 0.000000 0.000000 0.000000 0.000000 0.000000 0.000000 0.000000 0.002158 0.000000 0.000000 0.018743 0.000000 0.000000 0.000000 0.000000 0.000000 0.000000 0.000000 0.000000 0.000000 0.000000 0.000000 0.000000 0.000000
0.000000 0.023874 0.000000 0.000000 0.000000 0.000000 0.000000 0.000000 0.000000 0.000000 0.000000 0.000000 0.000000 0.000000 0.000000 0.000000 0.000000 0.000000 0.000000 0.000000 0.000000 0.000000 0.000000 0.000000 0.000000 0.000000 0.000000 0.000000
0.000000 0.000000 0.000000 0.000000 0.000000 0.000000 0.000000 0.000000 0.000000 0.000000 0.000000 0.000000 0.000000 0.000000 0.000000 0.000000 0.000000 0.000000 0.000000 0.000000 0.000000 0.000000 0.000000 0.000000 0.000000 0.000000 0.000000 0.000000
0.000000 0.000000 0.000000 0.000000 0.000000 0.062184 0.127291 0.000000 0.000000 0.000000 0.000000 0.000000 0.009816 0.000000 0.000000 0.000000 0.000000 0.000000 0.000000 0.000000 0.000000 0.000000 0.000000 0.000000 0.000000 0.000000 0.000000 0.000000
0.000000 0.114499 0.000000 0.000000 0.000000 0.000000 0.000000 0.000000 0.000000 0.000000 0.000000 0.000000 0.000000 0.000000 0.076536 0.000028 0.039229 0.000532 0.000000 0.000000 0.000000 0.000000 0.000000 0.000000 0.000000 0.000000 0.000000 0.000000
0.000000 0.000000 0.000000 0.000000 0.000000 0.000000 0.000000 0.000000 0.000000 0.000000 0.000000 0.000000 0.000000 0.000000 0.000000 0.000000 0.000000 0.003092 0.000000 0.000000 0.000000 0.000000 0.000000 0.000000 0.000000 0.000000 0.000000 0.000000
0.000000 0.155396 0.000000 0.000000 0.000000 0.000000 0.000000 0.031525 0.000000 0.000000 0.000000 0.000000 0.000000 0.000000 0.000000 0.000000 0.000000 0.000000 0.000000 0.000000 0.000000 0.000000 0.000000 0.000000 0.000000 0.000000 0.000000 0.000000
0.000000 0.022662 0.000000 0.000000 0.000000 0.043504 0.008841 0.000000 0.000000 0.000000 0.000000 0.000000 0.000000 0.000000 0.000000 0.000000 0.000000 0.000000 0.000000 0.000000 0.000000 0.000000 0.000000 0.000000 0.000000 0.000000 0.000000 0.000000
0.000000 0.000000 0.000000 0.000000 0.016887 0.000000 0.007448 0.000000 0.000000 0.042180 0.000000 0.106171 0.000000 0.000000 0.000000 0.000000 0.000000 0.000000 0.000000 0.000000 0.000000 0.000000 0.000000 0.000000 0.000000 0.000000 0.000000 0.000000
0.000000 0.000000 0.000000 0.000000 0.000000 0.000000 0.000000 0.000000 0.000000 0.000000 0.000000 0.000000 0.000000 0.000000 0.000000 0.000000 0.000000 0.000000 0.000000 0.000000 0.004528 0.000000 0.000000 0.000000 0.000000 0.000000 0.000000 0.000000
