0.169708 0.132726 0.508068 0.053326 0.000000 0.218779 0.123066 0.067880 0.102217 0.147233 0.195173 0.112464 0.118188 0.127684
0.757808 0.677909 0.243859 0.016244 0.000000 0.012665 0.077131 0.119329 0.137189 0.174222 0.249415 0.167021 0.147469 0.060495
0.344109 0.319256 0.127108 0.245547 0.639783 0.370243 0.000000 0.044374 0.099673 0.077252 0.121616 0.076805 0.127694 0.069505
0.150310 0.239491 0.151112 0.188752 0.437371 0.535084 0.000000 0.117530 0.019924 0.000000 0.034278 0.116868 0.196389 0.077837
0.127941 0.136084 0.032355 0.052652 0.069910 0.356761 0.040168 0.073216 0.176843 0.158330 0.131766 0.137544 0.162936 0.101165
0.093488 0.086669 0.077160 0.142949 0.192891 0.290885 0.195401 0.000000 0.068584 0.113534 0.096950 0.141976 0.148787 0.072501
0.033200 0.039494 0.087961 0.152752 0.156500 0.169106 0.119268 0.380886 0.095301 0.059667 0.056942 0.103506 0.083083 0.098283
0.109842 0.109047 0.128684 0.092033 0.096587 0.181322 0.124841 0.119962 0.499965 0.000334 0.016154 0.063927 0.127816 0.089159
0.069338 0.140641 0.094197 0.034447 0.094930 0.166326 0.167417 0.109243 0.445454 0.348182 0.062175 0.146357 0.171031 0.122249
0.000000 0.091651 0.111381 0.103969 0.121352 0.185618 0.180676 0.154131 0.218118 0.305494 0.078765 0.173940 0.135024 0.020177
0.000000 0.000000 0.004234 0.049466 0.124972 0.119006 0.113005 0.148651 0.176717 0.121538 0.124879 0.121258 0.119123 0.305709
0.018027 0.000000 0.000000 0.047167 0.096234 0.177496 0.193215 0.250105 0.259715 0.224043 0.167799 0.175012 0.175277 0.481186
0.213775 0.039695 0.169428 0.222198 0.249690 0.310116 0.249277 0.299565 0.209266 0.217300 0.216130 0.257439 0.213313 0.196196
0.134839 0.089797 0.149547 0.150247 0.201559 0.251484 0.204613 0.349772 0.240249 0.229883 0.181198 0.267970 0.248682 0.173970
