0.142527 0.103699 0.523520 0.020311 0.000000 0.182912 0.092129 0.087872 0.110107 0.151045 0.202539 0.105128 0.100904 0.077618
0.696413 0.658915 0.272711 0.030343 0.000000 0.000000 0.034595 0.126042 0.175523 0.216739 0.279544 0.155207 0.135316 0.011733
0.268070 0.310028 0.195151 0.267528 0.588610 0.258470 0.000000 0.066878 0.132918 0.105216 0.115588 0.067543 0.107157 0.023624
0.104146 0.217542 0.151203 0.164464 0.421634 0.453033 0.000000 0.066537 0.038560 0.018001 0.008911 0.098563 0.199600 0.037668
0.098329 0.129627 0.015524 0.000000 0.035790 0.318089 0.000000 0.010409 0.171487 0.170369 0.144733 0.158043 0.192223 0.095785
0.095296 0.100651 0.053565 0.093523 0.148412 0.274426 0.148895 0.000000 0.040831 0.134740 0.107022 0.140786 0.179122 0.058418
0.027780 0.050515 0.081271 0.153668 0.167372 0.171212 0.107685 0.319440 0.024983 0.072032 0.081807 0.109258 0.121553 0.104501
0.068596 0.092573 0.144815 0.109113 0.122474 0.193084 0.133170 0.063464 0.428244 0.000000 0.029870 0.094179 0.166330 0.102334
0.024832 0.104500 0.123771 0.077068 0.111889 0.178938 0.181468 0.083166 0.364404 0.261415 0.035711 0.141120 0.183192 0.108092
0.000000 0.002406 0.094316 0.139550 0.147721 0.207077 0.211196 0.155561 0.193499 0.252967 0.032908 0.131006 0.086269 0.004971
0.000000 0.000000 0.000000 0.039916 0.159136 0.144624 0.162563 0.152099 0.172082 0.098604 0.092061 0.105609 0.109505 0.261203
0.000000 0.000000 0.000000 0.018358 0.098649 0.178843 0.252774 0.287337 0.304738 0.248014 0.188032 0.218108 0.198655 0.462706
0.168834 0.039553 0.093180 0.177075 0.217548 0.313928 0.288752 0.329454 0.256214 0.244882 0.235367 0.286732 0.243511 0.222025
0.060463 0.048182 0.093257 0.097979 0.108198 0.202652 0.168087 0.312278 0.226291 0.195641 0.185228 0.274268 0.218884 0.163835
