0.005130 0.029183 0.027390 0.000480 0.050678 0.027409 0.111803 0.098352 0.106930 0.078382 0.083448 0.102259 0.067161 0.060676 0.092394 0.069881 0.051392 0.076858 0.080067 0.026475 0.040312 0.004448 0.053626 0.033132 0.078513 0.023238 0.044934 0.018864
0.065107 0.103734 0.104023 0.098211 0.053974 0.070590 0.168134 0.160488 0.094719 0.113776 0.092426 0.056173 0.100382 0.057913 0.049851 0.060152 0.139056 0.117664 0.086920 0.100562 0.111408 0.111398 0.111509 0.046556 0.032739 0.039618 0.107210 0.090200
0.095900 0.144201 0.101549 0.113334 0.004593 0.016337 0.089867 0.094176 0.058502 0.085968 0.138413 0.081320 0.096527 0.040427 0.056620 0.046329 0.111558 0.110850 0.135100 0.073170 0.105865 0.118596 0.085273 0.104287 0.071107 0.100763 0.070250 0.070066
0.113254 0.109194 0.133618 0.121939 0.092773 0.081927 0.000000 0.003114 0.019694 0.031044 0.123675 0.092833 0.076810 0.068904 0.093160 0.104860 0.058408 0.087647 0.066008 0.105614 0.139199 0.126161 0.074512 0.091988 0.077235 0.000000 0.025951 0.057085
0.090289 0.131549 0.084467 0.047866 0.146644 0.121315 0.018784 0.000000 0.000000 0.058079 0.118040 0.144907 0.116193 0.071016 0.105199 0.099911 0.069723 0.091218 0.115675 0.083335 0.054492 0.084871 0.072464 0.000000 0.000000 0.000000 0.000000 0.010164
0.055572 0.034902 0.036748 0.023062 0.103758 0.133711 0.030235 0.000000 0.007704 0.055646 0.130456 0.157863 0.087739 0.078534 0.098053 0.071893 0.089427 0.094180 0.082030 0.110219 0.072021 0.057958 0.000000 0.000000 0.000000 0.000000 0.000000 0.000000
0.009858 0.000000 0.000000 0.000000 0.034442 0.052185 0.043144 0.020503 0.047605 0.020267 0.107841 0.144417 0.131686 0.069287 0.065169 0.063281 0.084531 0.101216 0.079988 0.086476 0.035251 0.047809 0.000000 0.000000 0.000000 0.000000 0.000000 0.000000
0.000000 0.000000 0.000000 0.012563 0.023579 0.027612 0.034485 0.024974 0.042019 0.006763 0.059269 0.131637 0.154208 0.096722 0.078839 0.078437 0.065266 0.066592 0.098297 0.072610 0.020446 0.046670 0.059814 0.003722 0.000000 0.014938 0.000000 0.048804
0.010091 0.026663 0.000000 0.000000 0.030161 0.049959 0.048203 0.027702 0.042872 0.041498 0.045701 0.122269 0.126134 0.094345 0.061900 0.020318 0.135368 0.109744 0.060312 0.071898 0.090922 0.021437 0.055981 0.095395 0.051099 0.070438 0.024615 0.029742
0.027568 0.000640 0.037937 0.059413 0.066183 0.069290 0.050215 0.007898 0.036214 0.050327 0.042393 0.058474 0.126210 0.208903 0.138263 0.134082 0.108320 0.138159 0.094188 0.140150 0.037462 0.131563 0.100965 0.112476 0.115921 0.117878 0.109592 0.118486
0.049344 0.043697 0.046734 0.064332 0.051192 0.070306 0.030928 0.009136 0.037569 0.048263 0.056605 0.000000 0.042772 0.118488 0.159846 0.168361 0.138532 0.104359 0.111492 0.095101 0.100497 0.094688 0.094703 0.147944 0.095792 0.131315 0.111327 0.126125
0.049363 0.046635 0.046135 0.054490 0.062389 0.064780 0.037421 0.028213 0.039143 0.030248 0.022053 0.014454 0.008714 0.070157 0.164723 0.231009 0.165711 0.178803 0.155427 0.151560 0.132960 0.101849 0.124414 0.115749 0.143590 0.126019 0.138225 0.072984
0.055740 0.049820 0.039072 0.046092 0.059158 0.068077 0.045783 0.023469 0.008447 0.064976 0.038075 0.043461 0.040207 0.015527 0.064574 0.167991 0.184482 0.152469 0.128535 0.140886 0.133927 0.112342 0.131696 0.139164 0.147836 0.153479 0.138630 0.083554
0.053193 0.062864 0.049782 0.054361 0.066781 0.071559 0.055416 0.046272 0.058030 0.057393 0.070975 0.042277 0.061300 0.037974 0.000000 0.100058 0.199559 0.212296 0.162220 0.133905 0.131284 0.120015 0.129630 0.162230 0.144450 0.165572 0.139416 0.098606
0.069575 0.068312 0.068669 0.065598 0.058232 0.063616 0.059333 0.044614 0.076915 0.073674 0.096720 0.076499 0.058076 0.050207 0.043542 0.031582 0.129288 0.216805 0.176540 0.170420 0.133711 0.132545 0.164627 0.143131 0.152254 0.147592 0.147568 0.078630
0.083393 0.065692 0.059514 0.053352 0.049026 0.056122 0.049932 0.048024 0.080522 0.118831 0.088982 0.098578 0.065057 0.062582 0.084206 0.030973 0.084090 0.189414 0.216342 0.149681 0.143036 0.136882 0.148290 0.126533 0.155057 0.117349 0.152799 0.078540
0.091076 0.063768 0.066272 0.057905 0.050213 0.043016 0.022632 0.054036 0.108247 0.110750 0.098948 0.083376 0.084950 0.088451 0.061363 0.041365 0.034891 0.179836 0.230875 0.181733 0.163333 0.158288 0.137142 0.141654 0.137742 0.139178 0.192834 0.065889
0.144607 0.114195 0.089937 0.074138 0.073564 0.064585 0.030383 0.090840 0.128956 0.121264 0.095901 0.100785 0.082710 0.084519 0.075485 0.060169 0.025842 0.092625 0.218596 0.227153 0.197517 0.180012 0.205426 0.180738 0.169650 0.170850 0.161386 0.088651
0.110066 0.138352 0.115517 0.097137 0.087835 0.084263 0.068996 0.108743 0.121311 0.116857 0.103880 0.101368 0.076741 0.095045 0.089315 0.099170 0.059631 0.030595 0.195387 0.208148 0.219793 0.235668 0.229066 0.197438 0.230132 0.227692 0.212539 0.161615
0.115025 0.124300 0.131849 0.082089 0.068977 0.062493 0.092256 0.102995 0.121455 0.123948 0.123481 0.091235 0.083208 0.076931 0.086356 0.089154 0.067045 0.027942 0.094709 0.167942 0.196557 0.223964 0.247196 0.199120 0.204519 0.231030 0.214011 0.163090
0.127951 0.094110 0.122569 0.045700 0.060004 0.049132 0.064489 0.093158 0.126917 0.130494 0.137181 0.120355 0.104547 0.067629 0.060338 0.060920 0.082968 0.061768 0.027670 0.092571 0.165886 0.190357 0.209942 0.162885 0.161991 0.190422 0.178373 0.167866
0.118341 0.102853 0.103581 0.070033 0.062689 0.043540 0.058769 0.098835 0.125656 0.144792 0.151716 0.140548 0.117790 0.089613 0.067346 0.057446 0.078632 0.078230 0.053710 0.093364 0.132975 0.132880 0.166618 0.100303 0.085349 0.108051 0.143103 0.121639
0.107688 0.109785 0.115205 0.092122 0.059581 0.054312 0.097473 0.110969 0.131185 0.152981 0.158146 0.146841 0.125993 0.091885 0.105601 0.085114 0.080472 0.096433 0.076973 0.058686 0.121078 0.117388 0.086734 0.080030 0.049574 0.046940 0.126241 0.096928
0.149494 0.129827 0.126755 0.091196 0.080228 0.096482 0.110246 0.111764 0.133344 0.157701 0.140395 0.127367 0.118775 0.103091 0.108249 0.099123 0.074107 0.075614 0.103075 0.069156 0.071292 0.094980 0.086606 0.077886 0.078859 0.067791 0.096360 0.054274
0.121322 0.135690 0.152939 0.106689 0.102788 0.115345 0.134953 0.129103 0.129911 0.170387 0.142897 0.144904 0.148973 0.117007 0.123358 0.107425 0.104165 0.088399 0.092482 0.069103 0.118448 0.119690 0.097880 0.072740 0.091573 0.107519 0.123798 0.057224
0.160592 0.172094 0.149702 0.139871 0.167747 0.148484 0.118507 0.091384 0.135838 0.178473 0.164097 0.149847 0.139918 0.133878 0.136091 0.117519 0.133067 0.128083 0.104851 0.133511 0.137682 0.139520 0.158302 0.132751 0.150801 0.160579 0.169417 0.095271
0.138963 0.184388 0.182853 0.153726 0.158221 0.149663 0.143720 0.109540 0.158426 0.169878 0.179235 0.156298 0.166345 0.151690 0.138004 0.156966 0.159037 0.163233 0.162953 0.182887 0.205365 0.192857 0.170516 0.166042 0.186533 0.185941 0.229500 0.155797
0.097827 0.086596 0.115523 0.108878 0.112759 0.102281 0.093893 0.105188 0.072230 0.101797 0.095425 0.093378 0.112863 0.143376 0.119437 0.166207 0.155818 0.144908 0.163031 0.177488 0.160718 0.111873 0.084146 0.112925 0.072847 0.061508 0.128523 0.087018
