0.125627 0.131818 0.458565 0.062875 0.000000 0.104159 0.018989 0.000000 0.000000 0.000000 0.000000 0.000000 0.000000 0.000000
0.737973 0.515028 0.077331 0.000000 0.000000 0.039956 0.000000 0.000000 0.000000 0.000000 0.000000 0.000000 0.000000 0.000000
0.434551 0.281807 0.080916 0.190724 0.697280 0.421345 0.000000 0.000000 0.000000 0.000000 0.000000 0.000000 0.000000 0.000000
0.229970 0.214524 0.068938 0.103974 0.370504 0.636932 0.081030 0.160579 0.000000 0.000000 0.000000 0.000000 0.000000 0.000000
0.159603 0.086966 0.000000 0.000000 0.003915 0.409276 0.124455 0.000000 0.000000 0.000000 0.000000 0.000000 0.000000 0.000000
0.126546 0.059575 0.000000 0.000000 0.000000 0.186896 0.182472 0.000000 0.000000 0.000000 0.000000 0.000000 0.000000 0.000000
0.000000 0.000000 0.000000 0.000000 0.000000 0.000000 0.014539 0.371795 0.106304 0.000000 0.000000 0.000000 0.000000 0.000000
0.000000 0.000000 0.000000 0.000000 0.000000 0.000000 0.000000 0.076976 0.536565 0.000000 0.000000 0.000000 0.047659 0.000000
0.000000 0.000000 0.000000 0.000000 0.000000 0.000000 0.000000 0.004924 0.441125 0.362761 0.000000 0.000000 0.000000 0.000000
0.069067 0.025434 0.028093 0.000000 0.000000 0.000000 0.000000 0.000000 0.131188 0.256144 0.000000 0.000000 0.000000 0.000000
0.000000 0.025667 0.000000 0.000000 0.000000 0.000000 0.000000 0.000000 0.000000 0.000000 0.000000 0.000000 0.000000 0.290161
0.000000 0.075043 0.000000 0.000000 0.000000 0.000000 0.000000 0.000000 0.000000 0.000000 0.000000 0.000000 0.000000 0.344001
0.000000 0.000000 0.000000 0.000000 0.000000 0.000000 0.000000 0.000000 0.000000 0.000000 0.000000 0.000000 0.000000 0.000000
0.000000 0.000000 0.000000 0.000000 0.000000 0.000000 0.000000 0.000000 0.000000 0.000000 0.000000 0.000000 0.000000 0.000000
