0.218529 0.200535 0.193969 0.201329 0.213259 0.249884 0.302626 0.223319 0.238154 0.254104 0.243292 0.222095 0.195959 0.164676 0.141582 0.124831 0.067676 0.040813 0.050892 0.082162 0.006741 0.013655 0.060670 0.000000 0.000000 0.000000 0.004368 0.000000 0.038195 0.029197 0.073009 0.086722 0.045076 0.076891 0.139278 0.096122 0.078039 0.138098 0.050511 0.067441 0.206496 0.201126 0.186240 0.180435 0.123214 0.100093 0.136048 0.135619 0.120676 0.017903 0.009133 0.122538 0.193275 0.195084 0.215226 0.120429
0.216895 0.154150 0.153411 0.162962 0.214126 0.197316 0.330812 0.252975 0.210060 0.248461 0.251228 0.244863 0.185237 0.071370 0.065890 0.125082 0.060307 0.029644 0.029157 0.024510 0.000000 0.000000 0.026871 0.000000 0.000000 0.000000 0.000000 0.000000 0.000000 0.000000 0.000000 0.113433 0.000831 0.001303 0.118716 0.046443 0.000000 0.002412 0.063450 0.052778 0.095092 0.157912 0.107981 0.093191 0.073781 0.049503 0.071207 0.101628 0.106737 0.000000 0.000000 0.000000 0.057925 0.167129 0.176222 0.107116
0.222736 0.154122 0.165218 0.198054 0.219251 0.188343 0.289701 0.195983 0.119758 0.089223 0.213889 0.277703 0.252189 0.077468 0.047068 0.071456 0.070799 0.092907 0.096040 0.038293 0.000000 0.000000 0.000000 0.049757 0.000000 0.000000 0.000000 0.000000 0.000000 0.000000 0.000000 0.000000 0.000000 0.000000 0.011683 0.016209 0.000000 0.000000 0.032883 0.061511 0.048894 0.136140 0.052233 0.000000 0.000000 0.064962 0.050785 0.055645 0.046318 0.000000 0.000000 0.000000 0.000000 0.128972 0.137243 0.084210
0.222894 0.166266 0.172510 0.231429 0.266181 0.310643 0.233767 0.121393 0.071351 0.052231 0.067515 0.278603 0.263497 0.215950 0.101251 0.104063 0.032298 0.051868 0.145119 0.197311 0.000000 0.000000 0.000000 0.064268 0.000000 0.000000 0.000000 0.000000 0.000000 0.000000 0.000000 0.000000 0.000000 0.000000 0.000000 0.008192 0.027429 0.000000 0.000000 0.000000 0.000000 0.055134 0.054462 0.000000 0.000000 0.000000 0.020289 0.016052 0.000000 0.034234 0.047366 0.000000 0.001673 0.087794 0.087704 0.041218
0.221141 0.169036 0.198083 0.271751 0.209587 0.174895 0.116724 0.095870 0.055894 0.034433 0.028534 0.224450 0.274415 0.189464 0.128858 0.205391 0.177427 0.185351 0.204007 0.109194 0.000000 0.000000 0.002668 0.013803 0.000000 0.000000 0.000000 0.000000 0.000000 0.000000 0.000000 0.000000 0.000000 0.000000 0.000000 0.000000 0.019995 0.000000 0.000000 0.000000 0.000000 0.000000 0.000000 0.000000 0.000000 0.000000 0.000000 0.049529 0.014255 0.001243 0.000000 0.000000 0.000000 0.000000 0.000000 0.000000
0.162351 0.154780 0.229514 0.182657 0.154620 0.186928 0.134708 0.070856 0.043550 0.031974 0.023402 0.034330 0.170860 0.171004 0.138220 0.209662 0.238725 0.120676 0.166146 0.053158 0.000000 0.000000 0.003039 0.000000 0.000000 0.000000 0.000000 0.000000 0.010767 0.000000 0.000000 0.000000 0.000000 0.000000 0.000000 0.000000 0.000000 0.000000 0.000000 0.000000 0.000000 0.000000 0.000000 0.000000 0.000000 0.000000 0.009078 0.056453 0.098432 0.000000 0.000000 0.000000 0.000000 0.000000 0.000000 0.000000
0.154934 0.149649 0.220184 0.191100 0.334479 0.423307 0.214384 0.080104 0.061974 0.042923 0.034943 0.032701 0.033872 0.038609 0.074223 0.109516 0.211360 0.091383 0.166942 0.048152 0.000000 0.000000 0.013742 0.000000 0.000000 0.000000 0.000000 0.000000 0.062938 0.000000 0.000000 0.000000 0.000000 0.000000 0.000000 0.000000 0.000000 0.000000 0.000000 0.000000 0.000000 0.000000 0.000000 0.000000 0.000000 0.000000 0.000000 0.063535 0.064483 0.002792 0.000000 0.000000 0.000000 0.000000 0.000000 0.000000
0.158455 0.104322 0.222915 0.185284 0.276242 0.336735 0.192117 0.068544 0.103012 0.067008 0.054335 0.043287 0.054971 0.068586 0.108618 0.168785 0.250987 0.054516 0.226646 0.087233 0.047503 0.000000 0.040676 0.000000 0.000000 0.000000 0.000000 0.000000 0.000000 0.000000 0.000000 0.000000 0.000000 0.000000 0.000000 0.000000 0.000000 0.000000 0.000000 0.000000 0.000000 0.000000 0.000000 0.000000 0.000000 0.000000 0.000000 0.000000 0.000000 0.000000 0.000000 0.000000 0.000000 0.000000 0.000000 0.000000
0.134874 0.193417 0.261758 0.252389 0.292944 0.201635 0.108703 0.171206 0.274545 0.281940 0.223450 0.042659 0.062291 0.072970 0.128005 0.215711 0.248612 0.038029 0.117652 0.112731 0.055704 0.039634 0.053823 0.023642 0.011533 0.000000 0.000000 0.000000 0.000000 0.000000 0.000000 0.000000 0.000000 0.000000 0.000000 0.000000 0.017224 0.000000 0.000000 0.000000 0.000000 0.000000 0.000000 0.000000 0.000000 0.000000 0.000000 0.000000 0.000000 0.000000 0.066463 0.142022 0.114362 0.084721 0.000000 0.000000
0.123824 0.270083 0.275393 0.264333 0.288815 0.107298 0.072933 0.211451 0.347602 0.445497 0.282047 0.128894 0.070108 0.073076 0.129814 0.176408 0.187724 0.049232 0.037605 0.102867 0.109296 0.071918 0.080256 0.000000 0.000000 0.000000 0.000000 0.000000 0.000000 0.000000 0.000000 0.000000 0.000000 0.000000 0.000000 0.006137 0.042229 0.005585 0.000000 0.000000 0.000000 0.000000 0.000000 0.000000 0.000000 0.000000 0.000000 0.000000 0.000000 0.023622 0.133100 0.153603 0.150680 0.081427 0.000000 0.000000
0.092993 0.235647 0.257394 0.226475 0.284315 0.109516 0.066305 0.141642 0.228778 0.255214 0.260260 0.142002 0.073599 0.070514 0.083831 0.122134 0.144215 0.005049 0.043022 0.143954 0.137865 0.086682 0.079117 0.000000 0.000000 0.000000 0.000000 0.018682 0.019541 0.000000 0.000000 0.000000 0.000000 0.039411 0.000000 0.000000 0.059151 0.024028 0.000000 0.000000 0.000000 0.000000 0.000000 0.000000 0.000000 0.000000 0.000000 0.000000 0.091758 0.109757 0.118012 0.109970 0.111186 0.062157 0.000000 0.000000
0.081630 0.216058 0.277126 0.214580 0.177319 0.102583 0.064598 0.060272 0.059678 0.105951 0.121349 0.074394 0.056770 0.056741 0.071557 0.059561 0.060500 0.009425 0.033834 0.182176 0.159474 0.158258 0.084602 0.000000 0.000000 0.000000 0.064911 0.056745 0.069253 0.000000 0.000000 0.000000 0.000000 0.029171 0.000000 0.003951 0.027085 0.000000 0.000000 0.000000 0.000000 0.000000 0.000000 0.000000 0.000000 0.000000 0.086006 0.108600 0.062733 0.053555 0.100924 0.116981 0.121777 0.125148 0.092332 0.052798
0.063277 0.168133 0.245310 0.257358 0.136649 0.063632 0.030143 0.048779 0.052568 0.047415 0.072340 0.065023 0.051768 0.057508 0.066665 0.051129 0.020716 0.000000 0.015485 0.098543 0.243034 0.179795 0.178007 0.060842 0.022324 0.039414 0.129899 0.080502 0.069378 0.010351 0.000000 0.000000 0.000000 0.000000 0.000000 0.000000 0.038028 0.000000 0.001999 0.028822 0.022484 0.006685 0.000000 0.000000 0.000000 0.000000 0.000000 0.000000 0.000000 0.000000 0.089542 0.068391 0.070838 0.131305 0.131985 0.090125
0.208235 0.336385 0.292490 0.285315 0.156641 0.016506 0.000000 0.071212 0.157753 0.140625 0.057516 0.063888 0.061526 0.060888 0.067314 0.050045 0.030508 0.027001 0.024442 0.032594 0.110932 0.170559 0.155850 0.082262 0.021436 0.116869 0.127202 0.083869 0.073588 0.041567 0.056972 0.062327 0.031927 0.000000 0.000000 0.000000 0.000000 0.000000 0.062324 0.051764 0.036276 0.038565 0.030429 0.000000 0.000000 0.000000 0.000000 0.000000 0.000000 0.000000 0.032172 0.011532 0.038042 0.111408 0.101058 0.038067
0.229432 0.313880 0.235740 0.217161 0.210164 0.147567 0.137743 0.158393 0.146123 0.163647 0.060654 0.066847 0.061106 0.057482 0.041608 0.035505 0.027156 0.041540 0.043783 0.040115 0.054994 0.136267 0.153207 0.164703 0.087074 0.084870 0.052114 0.041528 0.026122 0.060669 0.107130 0.110353 0.089986 0.046039 0.013989 0.000000 0.000000 0.000000 0.000000 0.135803 0.061260 0.035014 0.000000 0.000000 0.000000 0.000000 0.000000 0.000000 0.000000 0.000000 0.036301 0.000000 0.000000 0.000000 0.000000 0.000000
0.343530 0.236777 0.242663 0.153090 0.058243 0.014867 0.012611 0.040286 0.118755 0.136605 0.103479 0.072936 0.056315 0.054516 0.043048 0.035905 0.027846 0.041128 0.041629 0.043113 0.045352 0.062209 0.230685 0.222393 0.201262 0.064371 0.025114 0.028758 0.018741 0.000000 0.020000 0.063607 0.085443 0.050967 0.046795 0.037744 0.000000 0.000000 0.000000 0.084690 0.053398 0.000000 0.000000 0.000000 0.000000 0.000000 0.000000 0.000000 0.000000 0.000000 0.000000 0.000000 0.000000 0.000000 0.000000 0.000000
0.180167 0.163941 0.128947 0.101396 0.055257 0.027838 0.056415 0.091898 0.107661 0.122297 0.103652 0.095962 0.063102 0.059340 0.062452 0.050738 0.042516 0.039320 0.036941 0.032822 0.047227 0.055187 0.131208 0.190062 0.206283 0.122520 0.057876 0.047197 0.018331 0.000000 0.000000 0.000000 0.010710 0.000000 0.000000 0.000000 0.000000 0.000000 0.000000 0.000000 0.000000 0.000000 0.000000 0.000000 0.000000 0.000000 0.000000 0.000000 0.000000 0.000000 0.000000 0.000000 0.000000 0.000000 0.000000 0.000000
0.171806 0.111042 0.115283 0.081940 0.051277 0.038151 0.053838 0.080496 0.123469 0.146250 0.102744 0.081427 0.058170 0.056502 0.055109 0.044500 0.043099 0.031428 0.022632 0.030392 0.043622 0.061446 0.104245 0.198776 0.192940 0.092197 0.064597 0.009861 0.000000 0.000000 0.000000 0.000000 0.000000 0.000000 0.000000 0.000000 0.000000 0.000000 0.000000 0.000000 0.000000 0.000000 0.000000 0.000000 0.000000 0.000000 0.000000 0.000000 0.000000 0.000000 0.000000 0.000000 0.000000 0.000000 0.000000 0.000000
0.169139 0.122993 0.128054 0.112408 0.106930 0.101971 0.093073 0.114795 0.128915 0.125171 0.099936 0.069619 0.072625 0.066460 0.060447 0.056962 0.053609 0.034372 0.018501 0.017479 0.024814 0.036144 0.053457 0.196920 0.143826 0.083771 0.032010 0.000000 0.000000 0.000000 0.000000 0.000000 0.000000 0.000000 0.000000 0.000000 0.000000 0.000000 0.000000 0.000000 0.000000 0.000000 0.000000 0.000000 0.000000 0.000000 0.000000 0.000000 0.000000 0.000000 0.000000 0.000000 0.000000 0.000000 0.000000 0.000000
0.169447 0.136448 0.142558 0.150160 0.153482 0.137351 0.132553 0.122208 0.116003 0.098159 0.101602 0.082514 0.071286 0.069768 0.059904 0.056604 0.038940 0.035848 0.015135 0.009718 0.011692 0.024146 0.031630 0.091881 0.162929 0.069666 0.057570 0.000000 0.000000 0.000000 0.000000 0.000000 0.000000 0.000000 0.000000 0.000000 0.000000 0.000000 0.000000 0.000000 0.000000 0.000000 0.000000 0.000000 0.000000 0.000000 0.000000 0.000000 0.000000 0.000000 0.000000 0.000000 0.000000 0.000000 0.000000 0.000000
0.178284 0.143208 0.118866 0.116486 0.127952 0.130091 0.122222 0.115066 0.098262 0.093083 0.095996 0.085415 0.074585 0.066634 0.053285 0.040905 0.037470 0.030778 0.018936 0.018210 0.023221 0.018919 0.023774 0.032775 0.070394 0.161042 0.047920 0.000000 0.000000 0.000000 0.000000 0.000000 0.000000 0.000000 0.000000 0.000000 0.000000 0.000000 0.000000 0.000000 0.000000 0.000000 0.000000 0.000000 0.000000 0.000000 0.000000 0.000000 0.000000 0.000000 0.000000 0.000000 0.000000 0.000000 0.000000 0.000000
0.184162 0.133669 0.124012 0.116466 0.115188 0.118836 0.111211 0.090898 0.094534 0.095761 0.094342 0.081948 0.055019 0.055952 0.053117 0.043827 0.046103 0.034070 0.024323 0.019057 0.023542 0.018650 0.023408 0.024451 0.039260 0.087662 0.133524 0.043071 0.000000 0.000000 0.000000 0.000000 0.000000 0.000000 0.000000 0.000000 0.000000 0.000000 0.000000 0.000000 0.000000 0.000000 0.000000 0.000000 0.000000 0.000000 0.000000 0.000000 0.000000 0.000000 0.000000 0.000000 0.000000 0.000000 0.000000 0.000000
0.157760 0.121951 0.119378 0.120201 0.102699 0.099182 0.095991 0.066886 0.065083 0.088708 0.082884 0.066603 0.052261 0.051791 0.056193 0.035488 0.027548 0.029896 0.031853 0.021283 0.020455 0.018352 0.011120 0.013364 0.018412 0.031297 0.064640 0.152359 0.000000 0.000000 0.000000 0.000000 0.000000 0.000000 0.000000 0.000000 0.000000 0.000000 0.000000 0.000000 0.000000 0.000000 0.000000 0.000000 0.000000 0.000000 0.000000 0.000000 0.000000 0.000000 0.000000 0.000000 0.000000 0.000000 0.000000 0.000000
0.165354 0.126592 0.123517 0.098445 0.094081 0.087850 0.083569 0.069075 0.072232 0.079418 0.071462 0.064721 0.049310 0.047610 0.049254 0.051805 0.049880 0.036353 0.043081 0.027663 0.019789 0.008317 0.000000 0.001927 0.002427 0.015239 0.034753 0.060186 0.126359 0.000000 0.000000 0.000000 0.000000 0.000000 0.000000 0.000000 0.000000 0.000000 0.000000 0.000000 0.000000 0.000000 0.000000 0.000000 0.000000 0.000000 0.000000 0.000000 0.000000 0.000000 0.000000 0.000000 0.000000 0.000000 0.000000 0.000000
0.167027 0.126302 0.125115 0.114043 0.087749 0.088933 0.080230 0.074484 0.064695 0.068519 0.074864 0.058695 0.063700 0.053003 0.061809 0.063238 0.050755 0.042706 0.054023 0.030455 0.018484 0.014475 0.009891 0.004550 0.002870 0.014288 0.017397 0.031781 0.040310 0.125919 0.000000 0.000000 0.000000 0.000000 0.000000 0.000000 0.000000 0.000000 0.000000 0.000000 0.000000 0.000000 0.000000 0.000000 0.000000 0.000000 0.000000 0.000000 0.000000 0.000000 0.000000 0.000000 0.000000 0.000000 0.000000 0.000000
0.178178 0.129161 0.119042 0.117827 0.092339 0.083344 0.088332 0.085887 0.083915 0.084275 0.081868 0.077321 0.069358 0.071425 0.066963 0.062586 0.048142 0.044752 0.058545 0.029398 0.024776 0.017593 0.017451 0.023002 0.023457 0.016590 0.015890 0.026830 0.032716 0.041406 0.090074 0.000000 0.000000 0.000000 0.000000 0.000000 0.000000 0.000000 0.000000 0.000000 0.000000 0.000000 0.000000 0.000000 0.000000 0.000000 0.000000 0.000000 0.000000 0.000000 0.000000 0.000000 0.000000 0.000000 0.000000 0.000000
0.167521 0.136736 0.127999 0.098367 0.090143 0.091639 0.085378 0.088295 0.096068 0.096609 0.082496 0.075252 0.072126 0.072116 0.073130 0.054843 0.048348 0.053150 0.024854 0.028043 0.035858 0.024303 0.035126 0.040411 0.027466 0.025251 0.025060 0.025183 0.030675 0.028604 0.060813 0.000000 0.000000 0.000000 0.000000 0.000000 0.000000 0.000000 0.000000 0.000000 0.000000 0.000000 0.000000 0.000000 0.000000 0.000000 0.000000 0.000000 0.000000 0.000000 0.000000 0.000000 0.000000 0.000000 0.000000 0.000000
0.153986 0.129147 0.124549 0.110810 0.098358 0.088891 0.089334 0.088613 0.088961 0.091481 0.078447 0.075261 0.066936 0.066427 0.066804 0.043881 0.047857 0.054137 0.035389 0.044614 0.054407 0.045631 0.056115 0.054178 0.038114 0.028505 0.023500 0.023687 0.027546 0.031348 0.034937 0.107872 0.000000 0.000000 0.000000 0.000000 0.000000 0.000000 0.000000 0.000000 0.000000 0.000000 0.000000 0.000000 0.000000 0.000000 0.000000 0.000000 0.000000 0.000000 0.000000 0.000000 0.000000 0.000000 0.000000 0.000000
0.154871 0.119827 0.123570 0.110666 0.096209 0.092897 0.105105 0.103029 0.089966 0.079696 0.076013 0.076570 0.068081 0.059730 0.057510 0.056350 0.060798 0.044907 0.074538 0.072442 0.082690 0.057083 0.060490 0.056174 0.041506 0.034520 0.025026 0.025317 0.031953 0.034344 0.039940 0.038604 0.063888 0.000000 0.000000 0.000000 0.000000 0.000000 0.000000 0.000000 0.000000 0.000000 0.000000 0.000000 0.000000 0.000000 0.000000 0.000000 0.000000 0.000000 0.000000 0.000000 0.000000 0.000000 0.000000 0.000000
0.145010 0.116986 0.097279 0.094122 0.096577 0.083447 0.087185 0.090002 0.088876 0.077266 0.069880 0.060997 0.050313 0.055895 0.048568 0.056438 0.069023 0.079616 0.096751 0.104041 0.094548 0.068114 0.064183 0.058085 0.048495 0.035424 0.032125 0.032872 0.028973 0.025904 0.034495 0.043285 0.053681 0.000000 0.000000 0.000000 0.000000 0.000000 0.000000 0.000000 0.000000 0.000000 0.000000 0.000000 0.000000 0.000000 0.000000 0.000000 0.000000 0.000000 0.000000 0.000000 0.000000 0.000000 0.000000 0.000000
0.130707 0.102579 0.096987 0.096366 0.069652 0.072095 0.078694 0.079722 0.066304 0.063251 0.051282 0.052197 0.050572 0.055893 0.050572 0.052284 0.076162 0.113509 0.103831 0.103049 0.073538 0.058912 0.061733 0.060933 0.049143 0.037786 0.030925 0.031418 0.027131 0.023887 0.027274 0.040910 0.046076 0.086148 0.000000 0.000000 0.000000 0.000000 0.000000 0.000000 0.000000 0.000000 0.000000 0.000000 0.000000 0.000000 0.000000 0.000000 0.000000 0.000000 0.000000 0.000000 0.000000 0.000000 0.000000 0.000000
0.115297 0.082952 0.081018 0.085917 0.060846 0.050638 0.049242 0.045072 0.049340 0.051675 0.044700 0.039853 0.043627 0.068941 0.048015 0.085335 0.114419 0.125300 0.108142 0.095526 0.071708 0.057970 0.060194 0.062469 0.055430 0.048126 0.036317 0.031273 0.027888 0.024819 0.022091 0.027947 0.044953 0.052060 0.000000 0.000000 0.000000 0.000000 0.000000 0.000000 0.000000 0.000000 0.000000 0.000000 0.000000 0.000000 0.000000 0.000000 0.000000 0.000000 0.000000 0.000000 0.000000 0.000000 0.000000 0.000000
0.087336 0.052785 0.056332 0.059223 0.058070 0.060122 0.048160 0.052179 0.065619 0.051271 0.047074 0.039246 0.056007 0.061252 0.080722 0.126023 0.127107 0.115150 0.093604 0.091848 0.071191 0.070936 0.055445 0.056381 0.058621 0.049714 0.046587 0.037143 0.025290 0.025684 0.022766 0.025469 0.029783 0.025129 0.074262 0.000000 0.000000 0.000000 0.000000 0.000000 0.000000 0.000000 0.000000 0.000000 0.000000 0.000000 0.000000 0.000000 0.000000 0.000000 0.000000 0.000000 0.000000 0.000000 0.000000 0.000000
0.078849 0.039859 0.055940 0.044711 0.050549 0.060658 0.060911 0.058968 0.061868 0.058719 0.058718 0.056504 0.058666 0.081548 0.109770 0.118385 0.122930 0.099021 0.086974 0.084584 0.068179 0.072132 0.057826 0.055452 0.063354 0.051565 0.048483 0.047957 0.036487 0.036789 0.033626 0.033591 0.029641 0.023961 0.074996 0.000000 0.000000 0.000000 0.000000 0.000000 0.000000 0.000000 0.000000 0.000000 0.000000 0.000000 0.000000 0.000000 0.000000 0.000000 0.000000 0.000000 0.000000 0.000000 0.000000 0.000000
0.024952 0.028574 0.045399 0.038916 0.052764 0.057468 0.058116 0.060948 0.063670 0.043532 0.051005 0.058637 0.083322 0.097555 0.113964 0.123616 0.122539 0.092816 0.086569 0.073493 0.071856 0.072379 0.060539 0.056177 0.062549 0.049507 0.047922 0.046578 0.044035 0.041490 0.039304 0.034445 0.035732 0.031914 0.039548 0.107187 0.000000 0.000000 0.000000 0.000000 0.000000 0.000000 0.000000 0.000000 0.000000 0.000000 0.000000 0.000000 0.000000 0.000000 0.000000 0.000000 0.000000 0.000000 0.000000 0.000000
0.000000 0.000000 0.000000 0.012738 0.057013 0.056060 0.060737 0.054446 0.062915 0.057405 0.049159 0.071556 0.094963 0.121794 0.123031 0.111006 0.104103 0.101091 0.084130 0.062622 0.062947 0.077146 0.073316 0.067053 0.066310 0.061068 0.050041 0.047524 0.047040 0.042891 0.041176 0.039524 0.038775 0.039944 0.030647 0.058507 0.004466 0.000000 0.000000 0.000000 0.000000 0.000000 0.000000 0.000000 0.000000 0.000000 0.000000 0.000000 0.000000 0.000000 0.000000 0.000000 0.000000 0.000000 0.000000 0.000000
0.000000 0.000000 0.000000 0.000000 0.033873 0.034289 0.040923 0.043930 0.050533 0.061527 0.075971 0.095263 0.102481 0.123945 0.119041 0.097734 0.098519 0.104680 0.089831 0.066550 0.067414 0.077616 0.065887 0.072762 0.069295 0.065018 0.060965 0.056429 0.054747 0.054685 0.046479 0.041898 0.038319 0.037619 0.029763 0.033147 0.147741 0.000000 0.000000 0.000000 0.000000 0.000000 0.000000 0.000000 0.000000 0.000000 0.000000 0.000000 0.000000 0.000000 0.000000 0.000000 0.000000 0.000000 0.000000 0.000000
0.000000 0.000000 0.000000 0.000000 0.021780 0.031101 0.026971 0.034159 0.045232 0.059009 0.072826 0.085041 0.111060 0.103273 0.106944 0.102664 0.099290 0.109174 0.092395 0.082913 0.081939 0.085744 0.078493 0.073252 0.071460 0.065675 0.062117 0.054600 0.056200 0.055857 0.057294 0.049331 0.040187 0.038366 0.029352 0.023150 0.092031 0.127382 0.000000 0.000000 0.000000 0.000000 0.000000 0.000000 0.000000 0.000000 0.000000 0.000000 0.000000 0.000000 0.000000 0.000000 0.000000 0.000000 0.000000 0.000000
0.000000 0.000000 0.000000 0.000000 0.000000 0.009460 0.032542 0.041085 0.052652 0.059976 0.048003 0.054846 0.079897 0.110473 0.102934 0.096302 0.095554 0.102915 0.095692 0.091054 0.087319 0.082347 0.084018 0.075058 0.068653 0.081751 0.069429 0.051938 0.052382 0.050400 0.047954 0.046134 0.042446 0.042052 0.032304 0.029157 0.039362 0.096948 0.121487 0.017431 0.000000 0.003898 0.000000 0.000000 0.000000 0.000000 0.000000 0.000000 0.000000 0.000000 0.000000 0.000000 0.000000 0.000000 0.000000 0.000000
0.000000 0.000000 0.000000 0.000000 0.000000 0.000000 0.053349 0.044659 0.044210 0.029100 0.034845 0.027366 0.042276 0.068169 0.099519 0.097955 0.100073 0.100272 0.101257 0.097340 0.084511 0.078503 0.086215 0.077730 0.079662 0.086843 0.070024 0.054829 0.052226 0.047871 0.045594 0.043136 0.045705 0.043650 0.039522 0.031214 0.028578 0.037244 0.067084 0.090330 0.091536 0.110899 0.040592 0.000000 0.000000 0.000000 0.070932 0.096054 0.122242 0.072278 0.028023 0.015516 0.000000 0.000000 0.000000 0.000000
0.000000 0.000000 0.000000 0.000000 0.000000 0.000000 0.067865 0.032898 0.018615 0.026165 0.014499 0.016305 0.017645 0.041976 0.096548 0.100422 0.103642 0.099395 0.106086 0.103187 0.092137 0.087843 0.084966 0.080362 0.078017 0.077261 0.061708 0.059411 0.054139 0.048148 0.047795 0.053324 0.053514 0.046636 0.043802 0.038927 0.034832 0.038760 0.050410 0.052661 0.096278 0.105843 0.091935 0.000000 0.000000 0.043324 0.083451 0.094251 0.093993 0.101672 0.106879 0.099209 0.113977 0.138460 0.000000 0.000000
0.000000 0.000000 0.000000 0.000000 0.000000 0.000000 0.084973 0.039556 0.014769 0.043844 0.034589 0.033361 0.037696 0.036628 0.071394 0.078682 0.105857 0.115870 0.124053 0.117014 0.107645 0.085653 0.092641 0.087159 0.080076 0.078881 0.057703 0.054642 0.059410 0.054918 0.052568 0.057134 0.059408 0.047594 0.043784 0.042999 0.032209 0.037165 0.057215 0.068036 0.064499 0.103941 0.093979 0.091453 0.123181 0.119081 0.076497 0.074584 0.076487 0.079615 0.101860 0.102422 0.104607 0.123843 0.022903 0.016957
0.000000 0.000000 0.000000 0.000000 0.000000 0.000000 0.077315 0.052473 0.011713 0.023038 0.014956 0.021487 0.055971 0.057040 0.054412 0.060262 0.101602 0.114008 0.125508 0.118325 0.093270 0.094588 0.097974 0.098769 0.095150 0.089787 0.068052 0.061021 0.061169 0.062866 0.058358 0.060029 0.052995 0.044286 0.042953 0.041208 0.034813 0.041145 0.054234 0.064592 0.084337 0.085909 0.090668 0.114956 0.122092 0.071752 0.058037 0.054484 0.060707 0.073611 0.082013 0.087254 0.096675 0.100284 0.118694 0.055828
0.000000 0.000000 0.000000 0.000000 0.000000 0.000000 0.091678 0.061248 0.048013 0.055497 0.033226 0.038875 0.038473 0.051551 0.047982 0.058821 0.105302 0.114123 0.108951 0.109633 0.102501 0.103771 0.110003 0.104760 0.097939 0.094571 0.075533 0.067326 0.069506 0.066634 0.058340 0.059471 0.058850 0.047842 0.042806 0.041024 0.038257 0.048643 0.051944 0.056345 0.085348 0.097203 0.094359 0.099537 0.081512 0.070291 0.060261 0.050073 0.053302 0.067297 0.070383 0.076280 0.083539 0.097309 0.124424 0.085792
0.000000 0.000000 0.000000 0.000000 0.000000 0.000000 0.115852 0.090756 0.071699 0.078078 0.090505 0.076988 0.061631 0.052258 0.045366 0.064231 0.091551 0.101635 0.091334 0.099165 0.109224 0.114249 0.110449 0.124007 0.101656 0.080320 0.066346 0.059520 0.079195 0.076239 0.063405 0.066766 0.065000 0.051825 0.059438 0.052441 0.049007 0.051404 0.053356 0.057210 0.085503 0.111097 0.098627 0.089114 0.072665 0.063138 0.059154 0.049038 0.048433 0.059561 0.060486 0.071005 0.082640 0.095942 0.102129 0.078599
0.000000 0.000000 0.000000 0.000000 0.000000 0.000000 0.143307 0.110888 0.102534 0.091954 0.097411 0.072229 0.076564 0.070222 0.074284 0.080714 0.084185 0.093532 0.091741 0.100282 0.106068 0.120795 0.122864 0.118455 0.107873 0.090284 0.086203 0.095744 0.090915 0.086824 0.082086 0.081660 0.077923 0.071017 0.064214 0.067347 0.076933 0.062494 0.068981 0.074204 0.085875 0.108820 0.097864 0.091896 0.077997 0.065397 0.060584 0.049709 0.053200 0.057741 0.060360 0.073099 0.079072 0.086417 0.094169 0.071464
0.000000 0.000000 0.000000 0.000000 0.000000 0.000000 0.156416 0.122602 0.102250 0.099873 0.087353 0.068155 0.082406 0.087412 0.090019 0.085739 0.090209 0.097256 0.096617 0.095009 0.123418 0.131450 0.138890 0.128539 0.122283 0.114945 0.102643 0.107380 0.106002 0.085364 0.082100 0.078952 0.085197 0.082708 0.089337 0.096038 0.082644 0.080886 0.090221 0.087661 0.089536 0.098763 0.097297 0.100462 0.088341 0.079395 0.062030 0.060517 0.054296 0.051576 0.065200 0.078601 0.082289 0.080887 0.085568 0.065140
0.000000 0.000000 0.000000 0.000000 0.000000 0.000000 0.128164 0.123889 0.117405 0.115679 0.084768 0.038788 0.040100 0.062321 0.040958 0.074280 0.089835 0.095046 0.088314 0.104169 0.129560 0.138116 0.135726 0.124702 0.108884 0.102541 0.088031 0.090334 0.098016 0.086556 0.085850 0.086238 0.091897 0.090403 0.099749 0.097559 0.100310 0.096691 0.098837 0.103559 0.103942 0.096633 0.094628 0.104765 0.098098 0.090391 0.070532 0.067708 0.059111 0.054776 0.066030 0.078057 0.080095 0.078162 0.084920 0.066429
0.000000 0.000000 0.000000 0.000000 0.000000 0.000000 0.120970 0.141234 0.145449 0.109246 0.064769 0.020210 0.000000 0.000000 0.016704 0.036537 0.100167 0.094788 0.093638 0.112283 0.118935 0.111333 0.096070 0.097686 0.091224 0.083453 0.081266 0.076629 0.084445 0.098292 0.094259 0.087355 0.093507 0.092053 0.096042 0.098818 0.098075 0.103383 0.102085 0.109181 0.121715 0.119951 0.108712 0.104166 0.094763 0.096673 0.070544 0.063329 0.056724 0.065985 0.070138 0.077908 0.077048 0.076446 0.085113 0.058625
0.000000 0.000000 0.000000 0.000000 0.000000 0.000000 0.132763 0.137245 0.091296 0.080798 0.000000 0.000000 0.000000 0.000000 0.000000 0.000000 0.050068 0.081993 0.095441 0.109197 0.105840 0.075985 0.057423 0.091467 0.085036 0.052398 0.053490 0.062858 0.074135 0.096075 0.095009 0.089063 0.086236 0.095177 0.099907 0.097507 0.093148 0.105562 0.111458 0.126818 0.132707 0.149796 0.132777 0.136386 0.108891 0.098092 0.071132 0.070427 0.058852 0.063554 0.076369 0.079048 0.077344 0.073637 0.078701 0.049709
0.000000 0.000000 0.000000 0.000000 0.000000 0.000000 0.001677 0.004055 0.000000 0.000000 0.000000 0.000000 0.000000 0.000000 0.000000 0.000000 0.054953 0.051100 0.068979 0.116548 0.113591 0.073689 0.051000 0.044275 0.052108 0.049427 0.035219 0.055745 0.077274 0.105998 0.110493 0.102995 0.106843 0.105764 0.111756 0.098928 0.089410 0.102541 0.123965 0.121516 0.132928 0.132349 0.143423 0.163270 0.129267 0.098248 0.085681 0.051318 0.050293 0.061163 0.066365 0.079484 0.082945 0.093365 0.094892 0.065490
0.000000 0.000000 0.000000 0.000000 0.000000 0.000000 0.000000 0.000000 0.000000 0.000000 0.000000 0.000000 0.000000 0.000000 0.000000 0.000000 0.000000 0.000000 0.003759 0.108937 0.143409 0.118362 0.073175 0.044753 0.045886 0.008698 0.000000 0.031819 0.071158 0.096777 0.105467 0.096277 0.101138 0.121596 0.137990 0.126566 0.116985 0.107568 0.122866 0.120538 0.145818 0.147827 0.160359 0.138645 0.124472 0.131731 0.094435 0.075566 0.079002 0.065601 0.044895 0.091000 0.113261 0.088090 0.088075 0.083031
0.000000 0.000000 0.000000 0.000000 0.000000 0.000000 0.000000 0.000000 0.000000 0.000000 0.000000 0.000000 0.000000 0.000000 0.000000 0.000000 0.000000 0.000000 0.000853 0.000000 0.000000 0.057784 0.159890 0.131517 0.123841 0.017753 0.000000 0.023153 0.107568 0.120924 0.129426 0.119914 0.122112 0.122675 0.125912 0.142587 0.122824 0.116715 0.146067 0.148630 0.090418 0.099655 0.146441 0.101028 0.120987 0.141890 0.086433 0.080507 0.020984 0.000000 0.000000 0.000000 0.056183 0.019360 0.025289 0.045240
0.000000 0.000000 0.000000 0.000000 0.000000 0.000000 0.000000 0.000000 0.000000 0.000000 0.000000 0.000000 0.000000 0.000000 0.000000 0.000000 0.000000 0.000000 0.000000 0.000000 0.000000 0.004821 0.139905 0.145068 0.113837 0.000000 0.000000 0.085261 0.142132 0.163613 0.151221 0.149841 0.143191 0.134810 0.149152 0.153649 0.154434 0.147120 0.085679 0.095484 0.000000 0.000000 0.000000 0.000000 0.000000 0.000000 0.000000 0.000000 0.000000 0.000000 0.000000 0.000000 0.000000 0.000000 0.000000 0.000000
0.000000 0.000000 0.000000 0.000000 0.000000 0.000000 0.000000 0.000000 0.000000 0.000000 0.000000 0.000000 0.000000 0.000000 0.000000 0.000000 0.000000 0.000000 0.000000 0.000000 0.000000 0.000000 0.054255 0.000000 0.000000 0.000000 0.000000 0.079188 0.155671 0.158161 0.156701 0.065033 0.080320 0.183999 0.161719 0.142741 0.150826 0.011336 0.000000 0.000000 0.000000 0.000000 0.000000 0.000000 0.000000 0.000000 0.000000 0.000000 0.000000 0.000000 0.000000 0.000000 0.000000 0.000000 0.000000 0.000000
0.000000 0.000000 0.000000 0.000000 0.000000 0.000000 0.000000 0.000000 0.000000 0.000000 0.000000 0.000000 0.000000 0.000000 0.000000 0.000000 0.000000 0.000000 0.000000 0.000000 0.000000 0.000000 0.000000 0.000000 0.000000 0.000000 0.000000 0.000000 0.063302 0.056555 0.096818 0.000000 0.000000 0.088604 0.000000 0.003828 0.066115 0.004379 0.000000 0.000000 0.000000 0.000000 0.000000 0.000000 0.000000 0.000000 0.000000 0.000000 0.000000 0.000000 0.000000 0.000000 0.000000 0.000000 0.000000 0.000000
