0.019410 0.000000 0.000000 0.000000 0.243080 0.212051 0.000000 0.000000 0.000000 0.000000 0.000000 0.000000 0.084380 0.000000 0.000000 0.000000 0.009742 0.000000 0.139613 0.331145 0.000000 0.000000 0.000000 0.063750 0.000000 0.000000 0.000000 0.000000
0.289614 0.000000 0.000000 0.000000 0.000000 0.122182 0.108811 0.000000 0.000000 0.000000 0.059682 0.000000 0.000000 0.040363 0.032155 0.000000 0.000000 0.000000 0.005912 0.122609 0.000000 0.000000 0.000000 0.000000 0.039908 0.000000 0.007935 0.000000
0.000000 0.000000 0.000000 0.000000 0.006971 0.082085 0.031427 0.000000 0.016722 0.118958 0.000000 0.000000 0.036042 0.053384 0.000000 0.000000 0.000000 0.000000 0.000000 0.000000 0.000000 0.000000 0.050119 0.028286 0.000000 0.000000 0.000000 0.000000
0.000000 0.000000 0.000000 0.000000 0.000000 0.000000 0.000000 0.000000 0.000000 0.349345 0.000000 0.000000 0.000000 0.000000 0.005989 0.000000 0.000000 0.000000 0.000000 0.000000 0.000000 0.000000 0.000000 0.000000 0.000000 0.000000 0.000000 0.000000
0.003584 0.000000 0.016032 0.000000 0.040235 0.492552 0.000000 0.054094 0.000000 0.285551 0.016095 0.000000 0.000000 0.000000 0.000000 0.000000 0.000000 0.000000 0.000000 0.000000 0.000000 0.000000 0.000000 0.000000 0.000000 0.000000 0.000000 0.000000
0.244831 0.026560 0.000000 0.266094 0.032746 0.000000 0.000000 0.000000 0.020142 0.553989 0.080828 0.025363 0.000000 0.000000 0.000000 0.000000 0.000000 0.000000 0.000000 0.000000 0.000000 0.000000 0.000000 0.000000 0.000000 0.000000 0.000000 0.000000
0.000000 0.000000 0.000000 0.000000 0.000000 0.000000 0.000000 0.070493 0.085061 0.372128 0.237556 0.000000 0.000000 0.000000 0.000000 0.000000 0.042140 0.124509 0.000000 0.000000 0.000000 0.000000 0.000000 0.000000 0.000000 0.000000 0.000000 0.000000
0.647289 0.000000 0.000000 0.000000 0.000000 0.000000 0.000000 0.148357 0.289083 0.000000 0.081141 0.000000 0.000000 0.000000 0.000000 0.000000 0.327431 0.000000 0.000000 0.022665 0.000000 0.000000 0.000000 0.000000 0.000000 0.000000 0.000000 0.000000
0.011737 0.000000 0.000000 0.000000 0.000000 0.000000 0.000000 0.041943 0.253053 0.000000 0.000000 0.000000 0.000000 0.000000 0.000000 0.000000 0.000000 0.000000 0.000000 0.000000 0.000000 0.000000 0.000000 0.000000 0.000000 0.000000 0.018895 0.124159
0.000000 0.000000 0.000000 0.000000 0.000000 0.019788 0.000000 0.008801 0.155011 0.030888 0.000000 0.211769 0.239265 0.000000 0.013345 0.000000 0.000000 0.000000 0.000000 0.000000 0.000000 0.000000 0.000000 0.000000 0.000000 0.000000 0.000000 0.000000
0.000000 0.000000 0.000000 0.000000 0.000000 0.000000 0.000000 0.002419 0.082568 0.074643 0.046918 0.000000 0.000000 0.000000 0.000000 0.000000 0.000000 0.000000 0.000000 0.000000 0.000000 0.000000 0.000000 0.000000 0.000000 0.000000 0.000000 0.000000
0.000000 0.028505 0.000000 0.049705 0.023335 0.000000 0.000000 0.000000 0.028523 0.069358 0.000000 0.000000 0.000000 0.000000 0.146467 0.077863 0.000000 0.000000 0.000000 0.000000 0.000000 0.000000 0.000000 0.000000 0.000000 0.000000 0.000000 0.000000
0.000000 0.000000 0.039129 0.000000 0.000000 0.000000 0.001445 0.000000 0.000000 0.000000 0.000000 0.000000 0.000000 0.051516 0.341992 0.114823 0.000000 0.000000 0.035265 0.043535 0.000000 0.000000 0.000000 0.000000 0.000000 0.000000 0.000000 0.000000
0.056526 0.000000 0.000000 0.000000 0.000000 0.000000 0.000000 0.000000 0.000000 0.000000 0.000000 0.000000 0.000000 0.000000 0.034269 0.232847 0.283920 0.000000 0.000000 0.000000 0.000000 0.000000 0.000000 0.060528 0.000000 0.000000 0.000000 0.000000
0.100890 0.000000 0.000000 0.101790 0.000000 0.000000 0.000000 0.000000 0.000000 0.000000 0.065909 0.000000 0.000000 0.000000 0.030876 0.008821 0.217692 0.086763 0.000000 0.000000 0.048692 0.000000 0.000000 0.000000 0.000000 0.000000 0.000000 0.000000
0.115859 0.000152 0.000000 0.000000 0.000000 0.000000 0.000000 0.000000 0.000000 0.018048 0.000000 0.002548 0.013886 0.098209 0.088049 0.000000 0.000000 0.046920 0.000000 0.000000 0.000000 0.000000 0.000000 0.000000 0.067878 0.000000 0.000000 0.000000
0.094098 0.000000 0.000000 0.000000 0.000000 0.000000 0.000000 0.003451 0.045985 0.024862 0.000000 0.087859 0.000000 0.104291 0.213260 0.114544 0.031259 0.098138 0.252598 0.000000 0.000000 0.000000 0.000000 0.000000 0.000000 0.000000 0.039764 0.000000
0.362907 0.000000 0.000000 0.010897 0.000000 0.000000 0.046595 0.146052 0.280789 0.221596 0.000000 0.351886 0.127592 0.000000 0.054683 0.000000 0.000000 0.120012 0.161077 0.000000 0.000000 0.000000 0.000000 0.022642 0.000000 0.000000 0.000000 0.000000
0.227035 0.000000 0.000000 0.000000 0.000000 0.006344 0.158026 0.243134 0.315883 0.198217 0.000000 0.207222 0.137885 0.000000 0.000000 0.000000 0.000000 0.087441 0.267920 0.000000 0.000000 0.000000 0.000000 0.000000 0.000000 0.000000 0.000000 0.000000
0.121144 0.000000 0.165284 0.186630 0.000000 0.000000 0.308145 0.000000 0.000000 0.000000 0.000000 0.000000 0.000000 0.000000 0.000000 0.000000 0.000000 0.000000 0.115345 0.176515 0.000000 0.000000 0.000000 0.000000 0.000000 0.000000 0.000000 0.000000
0.000000 0.000000 0.090720 0.361234 0.076022 0.000000 0.165455 0.000000 0.000000 0.000000 0.000000 0.000000 0.000000 0.000000 0.000000 0.024674 0.076860 0.000000 0.000000 0.000000 0.000000 0.000000 0.000000 0.000000 0.000000 0.000000 0.000000 0.000000
0.000000 0.000000 0.090914 0.265931 0.000000 0.000000 0.000000 0.000000 0.000000 0.000000 0.000000 0.000000 0.000000 0.000000 0.000000 0.000000 0.010939 0.000000 0.000000 0.000000 0.000000 0.000000 0.000000 0.000000 0.000000 0.000000 0.000000 0.000000
0.000000 0.000000 0.000000 0.005792 0.000000 0.000000 0.000000 0.000000 0.000000 0.000000 0.000000 0.000000 0.000000 0.000000 0.035655 0.032694 0.000000 0.000000 0.000000 0.000000 0.000000 0.000000 0.000000 0.076152 0.010660 0.000000 0.000000 0.000000
0.000000 0.000000 0.088291 0.027080 0.000000 0.000000 0.000000 0.000000 0.000000 0.018713 0.000000 0.000000 0.070847 0.027160 0.000000 0.022154 0.000000 0.000000 0.000000 0.000000 0.000000 0.000000 0.245250 0.155593 0.000000 0.000000 0.000000 0.000000
0.224992 0.000000 0.181192 0.202672 0.000000 0.126044 0.000000 0.156175 0.000000 0.000000 0.000000 0.000000 0.165277 0.000000 0.019077 0.000000 0.000000 0.000000 0.000000 0.000000 0.000000 0.000000 0.000000 0.000000 0.000000 0.000000 0.000000 0.000000
0.019627 0.000000 0.000000 0.000123 0.000000 0.000000 0.000000 0.000000 0.000000 0.000000 0.000000 0.000000 0.000000 0.000000 0.070339 0.000000 0.000000 0.000000 0.000000 0.000000 0.000000 0.000000 0.000000 0.000000 0.000000 0.000000 0.000000 0.000000
0.061086 0.000000 0.000000 0.000000 0.000000 0.000000 0.000000 0.000000 0.000000 0.000000 0.000000 0.000000 0.000000 0.000000 0.000000 0.000000 0.000000 0.000000 0.000000 0.000000 0.027744 0.000000 0.000000 0.000000 0.000000 0.000000 0.000000 0.000000
0.000000 0.000000 0.000000 0.000000 0.000000 0.000000 0.000000 0.000000 0.000000 0.000000 0.199030 0.000000 0.000000 0.000000 0.000000 0.000000 0.000000 0.000000 0.000000 0.000000 0.000000 0.000000 0.000000 0.000000 0.000000 0.000000 0.000000 0.000000
