0.000000 0.000000 0.000000 0.240988 0.181162 0.066496 0.374362 0.126218 0.189430 0.228035 0.121416 0.218384 0.342578 0.503713
0.000000 0.000000 0.000000 0.000000 0.000000 0.000000 0.243857 0.003671 0.277948 0.046724 0.112328 0.221057 0.122178 0.308585
0.000000 0.000000 0.000000 0.000000 0.000000 0.000000 0.033136 0.000000 0.106474 0.000000 0.125721 0.000000 0.000000 0.174404
0.000000 0.000000 0.000000 0.000000 0.000000 0.000000 0.000000 0.018446 0.000000 0.137403 0.127861 0.000000 0.072715 0.289451
0.000000 0.000000 0.000000 0.000000 0.000000 0.000000 0.000000 0.067070 0.038221 0.000000 0.000000 0.000000 0.000000 0.219028
0.000000 0.000000 0.000000 0.000000 0.000000 0.000000 0.000000 0.000000 0.068739 0.000000 0.036437 0.000000 0.000000 0.347291
0.000000 0.000000 0.000000 0.000000 0.000000 0.000000 0.000000 0.000000 0.000000 0.000000 0.021186 0.000000 0.000000 0.294468
0.000000 0.000000 0.000000 0.000000 0.000000 0.000000 0.000000 0.000000 0.000000 0.000000 0.022846 0.000000 0.000000 0.212373
0.000000 0.000000 0.000000 0.000000 0.000000 0.000000 0.000000 0.000000 0.000000 0.000000 0.000000 0.000000 0.000000 0.018653
0.118148 0.000000 0.000000 0.000000 0.000000 0.000000 0.000000 0.000000 0.000000 0.000000 0.000000 0.000000 0.000000 0.000000
0.275099 0.000000 0.000000 0.000000 0.000000 0.000000 0.000000 0.000000 0.000000 0.000000 0.000000 0.000000 0.000000 0.000000
0.296608 0.000000 0.000000 0.000000 0.000000 0.000000 0.000000 0.000000 0.000000 0.000000 0.000000 0.000000 0.000000 0.000000
0.219994 0.000000 0.000000 0.000000 0.000000 0.000000 0.000000 0.000000 0.000000 0.000000 0.000000 0.000000 0.000000 0.003229
0.772375 0.178747 0.190587 0.232843 0.186017 0.000000 0.157402 0.000000 0.000000 0.000000 0.000000 0.000000 0.272120 0.457992
