0.181687 0.154572 0.490676 0.120788 0.000000 0.173455 0.086974 0.000000 0.000000 0.000000 0.000000 0.000000 0.000000 0.000000
0.769055 0.482111 0.000000 0.000000 0.062157 0.147928 0.013049 0.000000 0.000000 0.000000 0.000000 0.000000 0.000000 0.000000
0.489559 0.261150 0.000000 0.129106 0.724953 0.486652 0.000000 0.000000 0.000000 0.000000 0.000000 0.000000 0.000000 0.000000
0.283215 0.196331 0.000000 0.000000 0.312891 0.644503 0.158338 0.213185 0.000000 0.000000 0.000000 0.000000 0.000000 0.000000
0.223876 0.073350 0.017638 0.000000 0.000000 0.444892 0.239375 0.000000 0.000000 0.000000 0.000000 0.000000 0.000000 0.000000
0.183489 0.085612 0.000000 0.000000 0.000000 0.222064 0.325999 0.000000 0.000000 0.000000 0.000000 0.000000 0.000000 0.037896
0.000000 0.000000 0.000000 0.000000 0.000000 0.000000 0.013241 0.476416 0.256205 0.000000 0.000000 0.000000 0.000000 0.000000
0.000000 0.000000 0.000000 0.000000 0.000000 0.000000 0.000000 0.114549 0.663627 0.073654 0.000000 0.019542 0.128603 0.063038
0.104271 0.000000 0.000000 0.003193 0.078064 0.000000 0.000000 0.027606 0.520393 0.498435 0.000000 0.000000 0.000000 0.000000
0.243357 0.121910 0.000000 0.000000 0.000000 0.000000 0.000000 0.000000 0.145382 0.330352 0.000000 0.000000 0.000000 0.000000
0.000000 0.148052 0.000000 0.000000 0.000000 0.000000 0.000000 0.000000 0.000000 0.000000 0.011543 0.000000 0.000000 0.386547
0.083202 0.218661 0.000000 0.000000 0.000000 0.000000 0.000000 0.000000 0.000000 0.000000 0.000000 0.000000 0.000000 0.423398
0.055796 0.000000 0.000000 0.000000 0.000000 0.000000 0.000000 0.000000 0.000000 0.000000 0.000000 0.000000 0.000000 0.000000
0.000000 0.000000 0.000000 0.000000 0.000000 0.000000 0.000000 0.000000 0.000000 0.000000 0.000000 0.000000 0.000000 0.000000
