0.000000 0.000000 0.000000 0.000000 0.000000 0.000000 0.004431 0.000000 0.000000 0.000000 0.000000 0.000000 0.000000 0.000000 0.000000 0.000000 0.000000 0.000000 0.000000 0.000000 0.242077 0.000000 0.358367 0.000000 0.000000 0.085396 0.000000 0.000000 0.000000 0.000000 0.000000 0.187856 0.000000 0.000000 0.000000 0.105570 0.000000 0.000000 0.000000 0.000000 0.000000 0.000000 0.000000 0.000000 0.000000 0.000000 0.000000 0.000000 0.000000 0.000000 0.000000 0.000000 0.000000 0.000000 0.000000 0.130288
0.000000 0.253035 0.000000 0.130987 0.000000 0.000000 0.000000 0.000000 0.000000 0.000000 0.000000 0.098665 0.021228 0.122448 0.000000 0.356128 0.000000 0.329318 0.223498 0.263422 0.051864 0.000000 0.000000 0.000000 0.000000 0.000000 0.000000 0.082776 0.227528 0.000000 0.000000 0.498276 0.000000 0.278221 0.253519 0.001652 0.000000 0.319014 0.000000 0.072497 0.042866 0.000000 0.128930 0.039290 0.192826 0.072969 0.000000 0.135134 0.078586 0.000000 0.000000 0.124614 0.000000 0.215308 0.303123 0.000000
0.000000 0.000000 0.119148 0.000000 0.000000 0.000000 0.000000 0.000000 0.000000 0.000000 0.000000 0.000000 0.000000 0.145869 0.087089 0.000000 0.000000 0.000000 0.000000 0.000000 0.000000 0.000000 0.000000 0.000000 0.000000 0.000000 0.000000 0.000000 0.596408 0.000000 0.000000 0.202195 0.061708 0.000000 0.000000 0.000000 0.000000 0.000000 0.000000 0.215921 0.246510 0.000000 0.000000 0.180843 0.000000 0.000000 0.002176 0.000000 0.000000 0.000000 0.000000 0.034117 0.000000 0.000000 0.095878 0.000000
0.000000 0.000000 0.000000 0.000000 0.359497 0.371776 0.000000 0.000000 0.000000 0.000000 0.000000 0.293148 0.239895 0.000000 0.000000 0.000000 0.000000 0.000000 0.000000 0.000000 0.000000 0.000000 0.320515 0.000000 0.006217 0.000000 0.000000 0.000000 0.000000 0.000000 0.000000 0.281065 0.057412 0.000000 0.000000 0.027373 0.000000 0.000000 0.000000 0.000000 0.000000 0.022300 0.430555 0.000000 0.000000 0.000000 0.000000 0.000000 0.136686 0.000000 0.000000 0.044195 0.000000 0.000000 0.000000 0.000000
0.000000 0.082615 0.645155 0.000000 0.000000 0.000000 0.000000 0.000000 0.000000 0.000000 0.000000 0.245170 0.000000 0.000000 0.752226 0.016252 0.000000 0.297194 0.151519 0.000000 0.000000 0.000000 0.000000 0.000000 0.000000 0.000000 0.279719 0.000000 0.000000 0.000000 0.000000 0.000000 0.000000 0.000000 0.000000 0.049107 0.000000 0.000000 0.000000 0.000000 0.000000 0.000000 0.000000 0.000000 0.210908 0.000000 0.000000 0.000000 0.000000 0.000000 0.000000 0.000000 0.000000 0.009364 0.000000 0.000000
0.000000 0.331850 0.346142 0.000000 0.000000 0.000000 0.000000 0.000000 0.000000 0.000000 0.000000 0.000000 0.000000 0.000000 0.177999 0.000000 0.000000 0.000000 0.000000 0.000000 0.151369 0.000000 0.000000 0.090900 0.000000 0.000000 0.000000 0.000000 0.000000 0.000000 0.350062 0.000000 0.000000 0.000000 0.000000 0.000000 0.000000 0.178754 0.000000 0.000000 0.165095 0.000000 0.000000 0.000000 0.581211 0.171649 0.156596 0.757139 0.000000 0.000000 0.000000 0.110224 0.004667 0.249882 0.584849 0.000000
0.000000 0.023291 0.000000 0.000000 0.330204 0.810474 0.006556 0.000000 0.253987 0.000000 0.000000 0.000000 0.000000 0.000000 0.000000 0.000000 0.000000 0.000000 0.007393 0.000000 0.000000 0.000000 0.212533 0.084005 0.000000 0.000000 0.000000 0.000000 0.000000 0.000000 0.143339 0.137576 0.000000 0.000000 0.000000 0.000000 0.000000 0.000000 0.231455 0.063933 0.053245 0.000000 0.000000 0.000000 0.000000 0.000000 0.000000 0.000000 0.000000 0.000000 0.000000 0.090911 0.000000 0.000000 0.509575 0.024474
0.000000 0.000000 0.000000 0.000000 0.074363 0.209008 0.000000 0.000000 0.000000 0.000000 0.000000 0.000000 0.000000 0.000000 0.242014 0.171384 0.154676 0.000000 0.000000 0.000000 0.000000 0.000000 0.000000 0.000000 0.000000 0.000000 0.266359 0.294262 0.015063 0.282228 0.000000 0.020577 0.000000 0.000000 0.000000 0.000000 0.000000 0.000000 0.000000 0.000000 0.000000 0.000000 0.000000 0.000000 0.037574 0.000000 0.000000 0.000000 0.000000 0.000000 0.000000 0.003868 0.000000 0.000000 0.000000 0.000000
0.000000 0.000000 0.187346 0.000000 0.000000 0.011754 0.000000 0.072735 0.000000 0.503238 0.000000 0.000000 0.000000 0.000000 0.000000 0.279561 0.000000 0.000000 0.000000 0.000000 0.019992 0.000000 0.232257 0.000000 0.015625 0.000000 0.162179 0.000000 0.000000 0.360407 0.000000 0.000000 0.000000 0.000000 0.088621 0.057125 0.000000 0.000000 0.000000 0.000000 0.104205 0.000000 0.000000 0.154233 0.130543 0.000000 0.000000 0.315372 0.055769 0.041698 0.000000 0.000000 0.000000 0.000000 0.000000 0.000000
0.000000 0.000000 0.437978 0.367538 0.000000 0.000000 0.000000 0.131716 0.371701 0.636923 0.000000 0.000000 0.000000 0.000000 0.000000 0.134971 0.135229 0.000000 0.029668 0.491185 0.000000 0.000000 0.000000 0.000000 0.479554 0.137364 0.000000 0.000000 0.000000 0.027461 0.096890 0.000000 0.104506 0.205520 0.046118 0.000000 0.000000 0.000000 0.000000 0.000000 0.110508 0.000000 0.000000 0.018306 0.000000 0.000000 0.000000 0.000000 0.000000 0.000000 0.076146 0.005584 0.035246 0.207275 0.342801 0.000000
0.000000 0.000000 0.234680 0.343993 0.591487 0.000000 0.000000 0.000000 0.000000 0.000000 0.379313 0.000000 0.000000 0.000000 0.000000 0.000000 0.303746 0.036365 0.000000 0.000000 0.000000 0.000000 0.000000 0.000000 0.000000 0.000000 0.000000 0.000000 0.000000 0.000000 0.000000 0.116387 0.000000 0.000000 0.000000 0.000000 0.220589 0.072486 0.152241 0.000000 0.000000 0.000000 0.000000 0.000000 0.000000 0.004270 0.000000 0.000000 0.000000 0.146437 0.226063 0.169748 0.079047 0.498182 0.177681 0.000000
0.000000 0.000000 0.000000 0.000000 0.000000 0.000000 0.000000 0.000000 0.051353 0.000000 0.036085 0.000000 0.036313 0.000000 0.000000 0.000000 0.125537 0.000000 0.000000 0.000000 0.220265 0.000000 0.000000 0.000000 0.000000 0.000000 0.209392 0.000000 0.000000 0.000000 0.000000 0.000000 0.000000 0.000000 0.000000 0.000000 0.000000 0.000000 0.000000 0.249136 0.069439 0.000000 0.100207 0.000000 0.000000 0.119079 0.069706 0.549170 0.459916 0.000000 0.000000 0.011572 0.000000 0.000000 0.000000 0.000000
0.000000 0.000000 0.048780 0.000000 0.000000 0.000000 0.000000 0.000000 0.000000 0.000000 0.000000 0.000000 0.000000 0.000000 0.000000 0.000000 0.000000 0.000000 0.000000 0.000000 0.000000 0.000000 0.000000 0.000000 0.000000 0.000000 0.000000 0.000000 0.000000 0.000000 0.000000 0.000000 0.097310 0.122041 0.000000 0.000000 0.000000 0.000000 0.000000 0.000000 0.000000 0.000000 0.000000 0.000000 0.000000 0.000000 0.000000 0.000000 0.000000 0.000000 0.000000 0.130367 0.000000 0.000000 0.446224 0.017052
0.018649 0.000000 0.000000 0.261040 0.000000 0.000000 0.000000 0.000000 0.000000 0.000000 0.000000 0.000000 0.026276 0.000000 0.000000 0.000000 0.000000 0.000000 0.000000 0.000000 0.034184 0.000000 0.000000 0.099248 0.077159 0.091612 0.000000 0.000000 0.227312 0.013465 0.000000 0.000000 0.000000 0.000000 0.019395 0.000000 0.294894 0.193321 0.000000 0.242329 0.000000 0.046814 0.146361 0.000000 0.000000 0.000000 0.000000 0.000000 0.061249 0.000000 0.000000 0.000000 0.000000 0.116683 0.153440 0.000000
0.000000 0.000000 0.250511 0.309902 0.000000 0.500470 0.416803 0.957651 0.499006 0.000000 0.000000 0.000000 0.000000 0.000000 0.000000 0.000000 0.000000 0.000000 0.000000 0.000000 0.000000 0.000000 0.207631 0.000000 0.029277 0.194035 0.000000 0.000000 0.000000 0.000000 0.000000 0.000000 0.302281 0.000000 0.057059 0.000000 0.000000 0.261856 0.000000 0.000000 0.124971 0.000000 0.092158 0.000000 0.000000 0.018054 0.294686 0.114169 0.239640 0.134473 0.315925 0.000000 0.000000 0.122978 0.000000 0.000000
0.000000 0.000000 0.000000 0.000000 0.000000 0.000000 0.000000 0.000000 0.000000 0.000000 0.455123 0.000000 0.000000 0.000000 0.000000 0.000000 0.000000 0.000000 0.261832 0.000000 0.000000 0.040517 0.000000 0.000000 0.058157 0.000000 0.000000 0.000000 0.000000 0.000000 0.000000 0.000000 0.000000 0.000000 0.000000 0.000000 0.000000 0.000000 0.000000 0.000000 0.000000 0.495381 0.005491 0.000000 0.075752 0.000000 0.000000 0.000000 0.000000 0.000000 0.212080 0.000000 0.000000 0.000000 0.000000 0.000000
0.000000 0.008058 0.000000 0.000000 0.475127 0.000000 0.000000 0.000000 0.000000 0.000000 0.167110 0.024107 0.000000 0.010969 0.175038 0.000000 0.000000 0.000000 0.087342 0.000000 0.035318 0.000000 0.205847 0.000000 0.000000 0.000000 0.000000 0.000000 0.085620 0.000000 0.000000 0.000000 0.057498 0.000000 0.000000 0.010835 0.199728 0.000000 0.000000 0.078175 0.000000 0.188095 0.000000 0.000000 0.000000 0.000000 0.000000 0.000000 0.000000 0.000000 0.000000 0.000000 0.275952 0.187571 0.103266 0.157013
0.000000 0.000000 0.000000 0.000000 0.137226 0.000000 0.000000 0.012858 0.010310 0.106135 0.000000 0.000000 0.000000 0.000000 0.000000 0.000000 0.000000 0.000000 0.000000 0.000000 0.299987 0.000000 0.000000 0.000000 0.000000 0.457120 0.179470 0.026131 0.176257 0.000000 0.000000 0.435652 0.000000 0.000000 0.000000 0.000000 0.000000 0.000000 0.253042 0.000000 0.000000 0.000000 0.000000 0.000000 0.000000 0.000000 0.000000 0.000000 0.000000 0.000000 0.000000 0.122740 0.000000 0.000000 0.000000 0.000000
0.000000 0.000000 0.000000 0.000000 0.000000 0.000000 0.156174 0.000000 0.000000 0.000000 0.000000 0.000000 0.000000 0.000000 0.000000 0.000000 0.044296 0.067494 0.000000 0.000000 0.000000 0.000000 0.069828 0.062917 0.028544 0.255449 0.167133 0.000000 0.000000 0.285347 0.000000 0.119343 0.000000 0.071587 0.106237 0.000000 0.000000 0.021944 0.268202 0.305831 0.000000 0.000000 0.000000 0.000000 0.000000 0.000000 0.000000 0.000000 0.000000 0.000000 0.000000 0.073057 0.000000 0.041078 0.000000 0.000000
0.000000 0.097236 0.036907 0.000000 0.000000 0.000000 0.000000 0.000000 0.057670 0.000000 0.304954 0.000000 0.000000 0.000000 0.000000 0.000000 0.000000 0.000000 0.000000 0.000000 0.000000 0.000000 0.000000 0.000000 0.000000 0.000000 0.000000 0.000000 0.000000 0.000000 0.000000 0.000000 0.000000 0.000000 0.000000 0.000000 0.000000 0.000000 0.000000 0.000000 0.000000 0.000000 0.027641 0.000000 0.000000 0.000000 0.000000 0.000000 0.000000 0.190248 0.148960 0.322501 0.000000 0.143415 0.000000 0.000000
0.000000 0.068626 0.000000 0.000000 0.000000 0.000000 0.000000 0.039986 0.000000 0.000000 0.000000 0.000000 0.044322 0.000000 0.000000 0.000000 0.000000 0.000000 0.000000 0.000000 0.000000 0.000000 0.000000 0.000000 0.204927 0.000000 0.000000 0.000000 0.000000 0.000000 0.000000 0.477865 0.000000 0.000000 0.000000 0.000000 0.069709 0.129528 0.000000 0.000000 0.304972 0.129209 0.000000 0.000000 0.045012 0.008935 0.000000 0.000000 0.000000 0.000000 0.000000 0.000000 0.000000 0.000000 0.275677 0.000000
0.007101 0.000000 0.000000 0.000000 0.000000 0.000000 0.000000 0.450075 0.020746 0.000000 0.000000 0.000000 0.000000 0.672868 0.000000 0.149951 0.000000 0.000000 0.000000 0.000000 0.000000 0.000000 0.000000 0.000000 0.000000 0.000000 0.000000 0.044205 0.000000 0.134885 0.000000 0.000000 0.000000 0.000000 0.000000 0.036634 0.000000 0.000000 0.000000 0.000000 0.000000 0.000000 0.081952 0.000000 0.000000 0.000000 0.139837 0.000000 0.000000 0.000000 0.000000 0.000000 0.000000 0.000000 0.000000 0.000000
0.000000 0.000000 0.000000 0.000000 0.000000 0.000000 0.000000 0.000000 0.000000 0.000000 0.000000 0.000000 0.000000 0.000000 0.000000 0.310647 0.032514 0.000000 0.142446 0.000000 0.000000 0.000000 0.000000 0.000000 0.000000 0.000000 0.029847 0.005820 0.059731 0.000000 0.000000 0.122647 0.000000 0.000000 0.000000 0.000000 0.000000 0.000000 0.000000 0.000000 0.039138 0.000000 0.000000 0.000000 0.000000 0.000000 0.000000 0.000000 0.000000 0.000000 0.000000 0.000000 0.000000 0.000000 0.225327 0.000000
0.000000 0.114105 0.000000 0.000000 0.000000 0.000000 0.000000 0.000000 0.000000 0.000000 0.000000 0.000000 0.000000 0.000000 0.000000 0.000000 0.000000 0.000000 0.000000 0.000000 0.000000 0.000000 0.000000 0.000000 0.000000 0.000000 0.000000 0.000000 0.000000 0.000000 0.000000 0.404216 0.000000 0.000000 0.000000 0.000000 0.081275 0.000000 0.000000 0.000000 0.000000 0.013866 0.000000 0.004507 0.000000 0.000000 0.000000 0.000000 0.000000 0.000000 0.000000 0.000000 0.000000 0.000000 0.000000 0.000000
0.000000 0.000000 0.000000 0.000000 0.000000 0.000000 0.000000 0.000000 0.000000 0.000000 0.000000 0.011697 0.057427 0.000000 0.000000 0.000000 0.000000 0.000000 0.000000 0.000000 0.000000 0.000000 0.000000 0.000000 0.000000 0.000000 0.000000 0.000000 0.000000 0.000000 0.000000 0.000000 0.000000 0.000000 0.000000 0.000000 0.000000 0.000000 0.000000 0.000000 0.000000 0.000000 0.000000 0.000000 0.000000 0.000000 0.000000 0.000000 0.000000 0.000000 0.115634 0.000000 0.000000 0.158882 0.000000 0.000000
0.000000 0.000000 0.000000 0.024903 0.000000 0.000000 0.000000 0.000000 0.000000 0.000000 0.000000 0.000000 0.000000 0.000000 0.045560 0.000000 0.000000 0.000000 0.000000 0.000000 0.000000 0.000000 0.000000 0.000000 0.015805 0.000000 0.000000 0.000000 0.000000 0.000000 0.000000 0.000000 0.000000 0.120113 0.000000 0.000000 0.000000 0.000000 0.000000 0.060733 0.000000 0.000000 0.000000 0.000000 0.000000 0.122786 0.175622 0.123114 0.263227 0.000000 0.000000 0.000000 0.000000 0.000000 0.000000 0.000000
0.000000 0.049842 0.000000 0.000000 0.000000 0.000000 0.000000 0.000000 0.000000 0.000000 0.000000 0.000000 0.000000 0.000000 0.060285 0.000000 0.000000 0.023062 0.000000 0.000000 0.000000 0.000000 0.000000 0.000000 0.000000 0.000000 0.000000 0.000000 0.000000 0.000000 0.119940 0.000000 0.000000 0.000000 0.000000 0.000000 0.000000 0.000000 0.000000 0.000000 0.167388 0.000000 0.047086 0.010396 0.000000 0.000000 0.000000 0.000000 0.013556 0.000000 0.000000 0.000000 0.000000 0.000000 0.147128 0.000000
0.000000 0.000000 0.000000 0.000000 0.004865 0.037083 0.000000 0.000000 0.000000 0.000000 0.000000 0.035052 0.000000 0.000000 0.000000 0.000000 0.000000 0.000000 0.000000 0.000000 0.000000 0.000000 0.000000 0.118076 0.025121 0.000000 0.000000 0.264119 0.000000 0.000000 0.000000 0.000000 0.318228 0.000000 0.808336 0.049526 0.000000 0.000000 0.000000 0.000000 0.004935 0.000000 0.000000 0.000000 0.001408 0.000000 0.000000 0.000000 0.000000 0.048351 0.000000 0.000000 0.000000 0.000000 0.011867 0.004380
0.000000 0.000000 0.000000 0.000000 0.000000 0.000000 0.000000 0.000000 0.000000 0.057005 0.000000 0.000000 0.000000 0.000000 0.000000 0.000000 0.000000 0.000000 0.000000 0.000000 0.000000 0.000000 0.000000 0.000000 0.000000 0.000000 0.000000 0.120260 0.000000 0.000000 0.222860 0.036215 0.000000 0.000000 0.000000 0.000000 0.000000 0.000000 0.069747 0.000000 0.000000 0.000000 0.000000 0.000000 0.000000 0.397325 0.000000 0.000000 0.145123 0.000000 0.000000 0.374209 0.000000 0.000000 0.050581 0.000000
0.000000 0.116954 0.000000 0.000000 0.000000 0.000000 0.000000 0.000000 0.000000 0.188458 0.000000 0.000000 0.000000 0.118373 0.073271 0.000000 0.000000 0.000000 0.305233 0.332763 0.061834 0.000000 0.000000 0.000000 0.000000 0.000000 0.000000 0.009834 0.000000 0.000000 0.000000 0.060164 0.108738 0.000000 0.000000 0.000000 0.000000 0.000000 0.113500 0.000000 0.000000 0.000000 0.000000 0.000000 0.008186 0.000000 0.000000 0.000000 0.000000 0.000000 0.000000 0.000000 0.000000 0.000000 0.000000 0.000000
0.047889 0.000000 0.161371 0.108429 0.000000 0.000000 0.000000 0.000000 0.038695 0.117955 0.000000 0.000000 0.378319 0.000000 0.000000 0.000000 0.000000 0.000000 0.000000 0.000000 0.000000 0.000000 0.000000 0.000000 0.000000 0.043678 0.000000 0.000000 0.000000 0.000000 0.000000 0.000000 0.198903 0.000000 0.000000 0.000000 0.000000 0.000000 0.000000 0.000000 0.000000 0.000000 0.205455 0.008476 0.000000 0.000000 0.000000 0.049015 0.290552 0.000000 0.000000 0.000000 0.000000 0.000000 0.000000 0.000000
0.000000 0.000000 0.000000 0.000000 0.000000 0.000000 0.000000 0.000000 0.000000 0.000000 0.000000 0.000000 0.143682 0.000000 0.000000 0.000000 0.000000 0.000000 0.000000 0.000000 0.000000 0.000000 0.000000 0.000000 0.000000 0.000000 0.000000 0.000000 0.000000 0.000000 0.000000 0.000000 0.015446 0.004687 0.000000 0.000000 0.000000 0.000000 0.000000 0.000000 0.177029 0.000000 0.000000 0.000000 0.000000 0.000000 0.170187 0.000000 0.000000 0.000000 0.000000 0.000000 0.000000 0.000000 0.000000 0.000000
0.000000 0.000000 0.000000 0.000000 0.203835 0.000000 0.000000 0.210872 0.055467 0.000000 0.252576 0.065998 0.000000 0.000000 0.000000 0.000000 0.000000 0.000000 0.233330 0.000000 0.000000 0.052786 0.000000 0.000000 0.000000 0.000000 0.000000 0.000000 0.000000 0.000000 0.000000 0.000000 0.000000 0.000000 0.000000 0.000000 0.022828 0.000000 0.000000 0.000000 0.000000 0.000000 0.000000 0.106825 0.000000 0.000000 0.000000 0.000000 0.000000 0.000000 0.000000 0.000000 0.000000 0.000000 0.000000 0.000000
0.000000 0.000000 0.000000 0.000000 0.000000 0.000000 0.000000 0.137630 0.000000 0.000000 0.000000 0.000000 0.000000 0.000000 0.000000 0.000000 0.000000 0.000000 0.000000 0.000000 0.000000 0.000000 0.000000 0.000000 0.000000 0.000000 0.000000 0.000000 0.000000 0.031073 0.000000 0.000000 0.000000 0.000000 0.000000 0.027478 0.000000 0.000000 0.000000 0.012810 0.000000 0.323326 0.000000 0.022549 0.000000 0.000000 0.000000 0.156355 0.131008 0.134175 0.000000 0.228420 0.000000 0.000000 0.125690 0.000000
0.000000 0.219123 0.061780 0.000000 0.083190 0.100426 0.000000 0.000000 0.000000 0.000000 0.000000 0.000000 0.000000 0.000000 0.106971 0.000000 0.000000 0.000000 0.000000 0.000000 0.000000 0.000000 0.000000 0.000000 0.000000 0.000000 0.000000 0.000000 0.000000 0.000000 0.000000 0.000000 0.000000 0.000000 0.000000 0.000000 0.000000 0.000000 0.030357 0.000000 0.000000 0.000000 0.000000 0.000000 0.000000 0.000000 0.123485 0.000000 0.000000 0.000000 0.000000 0.099631 0.000000 0.025013 0.000000 0.000000
0.000000 0.000000 0.000000 0.000000 0.000000 0.000000 0.000000 0.000000 0.000000 0.000000 0.000000 0.000000 0.000000 0.023365 0.053815 0.000000 0.000000 0.000000 0.000000 0.000000 0.000000 0.000000 0.000000 0.000000 0.000000 0.000000 0.099764 0.000000 0.000000 0.000000 0.000000 0.000000 0.000000 0.000000 0.000000 0.000000 0.079544 0.000000 0.449649 0.000000 0.000000 0.000000 0.090323 0.008972 0.000000 0.000000 0.000000 0.000000 0.083986 0.000000 0.212737 0.000000 0.027541 0.000000 0.000000 0.011931
0.000000 0.088322 0.054791 0.000000 0.096489 0.000000 0.000000 0.000000 0.000000 0.000000 0.000000 0.000000 0.000000 0.000000 0.244152 0.000000 0.000000 0.000000 0.017387 0.000000 0.176325 0.000000 0.000000 0.000000 0.000000 0.000000 0.000000 0.000000 0.000000 0.000000 0.000000 0.000000 0.000000 0.000000 0.000000 0.000000 0.000000 0.000000 0.000000 0.000000 0.000000 0.000000 0.000000 0.000158 0.000000 0.030930 0.000000 0.000000 0.000000 0.000000 0.000000 0.000000 0.000000 0.000000 0.095915 0.000243
0.000000 0.000000 0.000000 0.000000 0.048799 0.000000 0.000000 0.000000 0.000000 0.000000 0.000000 0.000000 0.000000 0.000000 0.094529 0.000000 0.024630 0.000000 0.000000 0.000000 0.000000 0.000000 0.000000 0.000000 0.000000 0.000000 0.000000 0.000000 0.000000 0.000000 0.091916 0.000000 0.000000 0.000000 0.000000 0.000000 0.000000 0.032840 0.000000 0.000000 0.000000 0.000000 0.000000 0.000000 0.000000 0.000000 0.249565 0.107068 0.000000 0.086913 0.000000 0.000000 0.000000 0.000000 0.060401 0.000000
0.000000 0.000000 0.000000 0.057250 0.358805 0.000000 0.106838 0.000000 0.000000 0.005539 0.000000 0.047908 0.131084 0.000000 0.000000 0.000000 0.126701 0.000000 0.000000 0.000000 0.000000 0.000000 0.000000 0.000000 0.000000 0.000000 0.033802 0.000000 0.000000 0.000000 0.000000 0.000000 0.000000 0.000000 0.000000 0.000000 0.000000 0.000000 0.000000 0.000000 0.000000 0.000000 0.000000 0.010289 0.000000 0.000000 0.000000 0.000000 0.000000 0.000000 0.000000 0.292181 0.000000 0.000000 0.000000 0.000000
0.008579 0.000000 0.000000 0.000000 0.000000 0.000000 0.000000 0.078744 0.000000 0.000000 0.253710 0.000000 0.000000 0.000000 0.000000 0.000000 0.000000 0.000000 0.085561 0.000000 0.000000 0.000000 0.000000 0.000000 0.000000 0.000000 0.000000 0.000000 0.000000 0.000000 0.000000 0.000000 0.000000 0.000000 0.000000 0.000000 0.000000 0.000000 0.000000 0.000000 0.000000 0.147201 0.000000 0.000000 0.000000 0.000000 0.396171 0.002093 0.000000 0.000000 0.000000 0.000000 0.000000 0.000000 0.000000 0.000000
0.000000 0.000000 0.000000 0.000000 0.000000 0.091571 0.000000 0.000000 0.000000 0.000000 0.000000 0.000000 0.000000 0.000000 0.036301 0.000000 0.000000 0.000000 0.000000 0.000000 0.000000 0.000000 0.000000 0.183735 0.000000 0.000000 0.000000 0.000000 0.000000 0.027543 0.000000 0.000000 0.000000 0.000000 0.000000 0.000000 0.000000 0.000000 0.000000 0.000000 0.000000 0.000000 0.000000 0.000000 0.000000 0.000000 0.000000 0.000000 0.000000 0.000000 0.085812 0.054674 0.000000 0.000000 0.000000 0.312156
0.000000 0.000000 0.000000 0.298547 0.209071 0.000000 0.000000 0.000000 0.000000 0.256025 0.000000 0.000000 0.000000 0.116513 0.000000 0.233188 0.000000 0.000000 0.000000 0.000000 0.000000 0.000000 0.115196 0.340819 0.079812 0.078382 0.194613 0.000000 0.000000 0.000000 0.000000 0.000000 0.000000 0.000000 0.000000 0.000000 0.000000 0.000000 0.033870 0.000000 0.000000 0.119049 0.000000 0.000000 0.000000 0.119843 0.000000 0.000000 0.000000 0.000000 0.055312 0.000000 0.000000 0.000000 0.139957 0.000000
0.000000 0.000000 0.000000 0.000000 0.000000 0.000000 0.025951 0.000000 0.000000 0.050969 0.000000 0.000000 0.000000 0.000000 0.000000 0.000000 0.000000 0.000000 0.000000 0.207346 0.000000 0.000000 0.000000 0.000000 0.000000 0.000000 0.000000 0.000000 0.000000 0.000000 0.000000 0.000000 0.000000 0.000000 0.000000 0.000000 0.000000 0.000000 0.242652 0.252318 0.000000 0.000000 0.000000 0.010076 0.044881 0.111527 0.000000 0.000000 0.000000 0.000000 0.073874 0.013981 0.000000 0.000000 0.000000 0.000000
0.000000 0.000000 0.000000 0.215082 0.078923 0.000000 0.000000 0.136881 0.000000 0.000000 0.000000 0.000000 0.000000 0.000000 0.000000 0.000000 0.000000 0.000000 0.000000 0.000000 0.000000 0.000000 0.000000 0.089323 0.078271 0.000000 0.000000 0.000000 0.000000 0.000000 0.000000 0.003194 0.141161 0.000000 0.000000 0.000000 0.000000 0.000000 0.000000 0.000000 0.000000 0.062697 0.106480 0.000000 0.000000 0.000000 0.000000 0.000000 0.000000 0.000000 0.000000 0.000000 0.000000 0.154877 0.000000 0.000000
0.000000 0.358950 0.000000 0.000000 0.086574 0.000000 0.000000 0.024187 0.000000 0.000000 0.000000 0.000000 0.000000 0.102003 0.000000 0.000000 0.055747 0.000000 0.000000 0.000000 0.000000 0.000000 0.000000 0.000000 0.000000 0.000000 0.000000 0.041504 0.020777 0.000000 0.000000 0.137171 0.000000 0.000000 0.000000 0.000000 0.000000 0.000000 0.000000 0.000000 0.000000 0.000000 0.000000 0.000000 0.000000 0.000000 0.000000 0.000000 0.000000 0.000000 0.000000 0.000000 0.003508 0.451498 0.259710 0.000000
0.000000 0.155197 0.042863 0.000000 0.220026 0.000000 0.000000 0.084340 0.000000 0.000000 0.000000 0.000000 0.000000 0.000000 0.000000 0.000000 0.000000 0.000000 0.000000 0.000000 0.000000 0.000000 0.000000 0.000000 0.000000 0.000000 0.000000 0.099295 0.000000 0.000000 0.000000 0.000000 0.000000 0.000000 0.000000 0.000000 0.000000 0.000000 0.000000 0.000000 0.000000 0.216096 0.000000 0.000000 0.000000 0.068040 0.206533 0.192217 0.000000 0.000000 0.000000 0.000000 0.000000 0.000000 0.000000 0.000000
0.000000 0.000000 0.117396 0.000000 0.000000 0.000000 0.000000 0.000000 0.000000 0.000000 0.000000 0.000000 0.000000 0.000000 0.000000 0.000000 0.000000 0.210539 0.022588 0.000000 0.000000 0.001616 0.000000 0.000000 0.000000 0.000000 0.000000 0.000000 0.000000 0.000000 0.000000 0.000000 0.000000 0.000000 0.000000 0.000000 0.000000 0.000000 0.000000 0.000000 0.000000 0.000000 0.000000 0.098177 0.000000 0.000000 0.000000 0.000000 0.000000 0.000000 0.000000 0.020927 0.000000 0.000000 0.000000 0.000000
0.000000 0.004973 0.103053 0.000000 0.000000 0.000000 0.000000 0.000000 0.000000 0.000000 0.000000 0.000000 0.000000 0.000000 0.000000 0.000000 0.000000 0.000000 0.000000 0.000000 0.000000 0.000000 0.000000 0.000000 0.000000 0.000000 0.000000 0.000000 0.000000 0.000000 0.065727 0.000000 0.000000 0.000000 0.000000 0.000000 0.000000 0.000000 0.000000 0.000000 0.000000 0.000000 0.000000 0.000000 0.000000 0.000000 0.000000 0.000000 0.000000 0.000000 0.000000 0.000000 0.000000 0.000000 0.000000 0.000000
0.000000 0.000000 0.000000 0.069603 0.000000 0.000000 0.000000 0.000000 0.000000 0.000000 0.000000 0.000000 0.000000 0.058954 0.015682 0.000000 0.000000 0.000000 0.000000 0.180428 0.000000 0.000000 0.233387 0.086678 0.000000 0.000000 0.116439 0.119784 0.000000 0.000000 0.000000 0.000000 0.000000 0.000000 0.000000 0.000000 0.000000 0.000000 0.000000 0.000000 0.212956 0.000000 0.000000 0.000000 0.000000 0.000000 0.101602 0.219772 0.000000 0.000000 0.000000 0.007543 0.000000 0.000000 0.035674 0.000000
0.106056 0.000000 0.000000 0.000000 0.000000 0.000000 0.000000 0.038998 0.029723 0.062448 0.000000 0.004552 0.000000 0.000000 0.000000 0.000000 0.003856 0.000000 0.000000 0.000000 0.000000 0.000000 0.000000 0.439364 0.066974 0.000000 0.040474 0.127382 0.000000 0.000000 0.000000 0.000000 0.000000 0.000000 0.000000 0.000000 0.000000 0.000000 0.000000 0.000000 0.177059 0.101672 0.000000 0.000000 0.000000 0.000000 0.166739 0.099685 0.000000 0.000000 0.000000 0.039728 0.000000 0.000000 0.000000 0.000000
0.000000 0.000000 0.000000 0.000000 0.000000 0.000000 0.410883 0.143359 0.413417 0.000000 0.000000 0.024276 0.000000 0.000000 0.000000 0.000000 0.000000 0.000000 0.000000 0.000000 0.000000 0.000000 0.000000 0.000000 0.000000 0.000000 0.000000 0.000000 0.000000 0.091763 0.000000 0.000000 0.000000 0.000000 0.000000 0.000000 0.000000 0.000000 0.087576 0.000000 0.000000 0.000000 0.064313 0.223826 0.000000 0.000000 0.000000 0.000000 0.278213 0.182026 0.000000 0.000000 0.000000 1.068892 0.838921 0.000000
0.000000 0.000000 0.105869 0.080706 0.064513 0.000000 0.000000 0.000000 0.000000 0.000000 0.000000 0.000000 0.000000 0.000000 0.046424 0.441764 0.000000 0.153214 0.000000 0.063273 0.000000 0.237998 0.000000 0.000000 0.073640 0.000000 0.404384 0.144226 0.000000 0.000000 0.000000 0.000000 0.000000 0.000000 0.000000 0.115495 0.000000 0.000000 0.194110 0.000000 0.238579 0.000000 0.000000 0.000000 0.000000 0.275042 0.000000 0.000000 0.326265 0.393717 0.000000 0.000000 0.000000 0.531118 0.041154 0.000000
0.151194 0.000000 0.000000 0.000000 0.000000 0.000000 0.000000 0.000000 0.000000 0.234973 0.000000 0.000000 0.000000 0.447026 0.000000 0.000000 0.000000 0.000000 0.000000 0.000000 0.000000 0.000000 0.195842 0.028325 0.000000 0.000000 0.000000 0.000000 0.101567 0.000000 0.000000 0.000000 0.072679 0.000000 0.042238 0.605268 0.000000 0.000000 0.000000 0.000000 0.536745 0.228781 0.000000 0.000000 0.000000 0.000000 0.000000 0.000000 0.000000 0.000000 0.000000 0.354001 0.000000 0.051106 0.000000 0.000000
0.000000 0.000000 0.058142 0.000000 0.000000 0.000000 0.000000 0.084374 0.000000 0.189639 0.272665 0.289508 0.013314 0.000000 0.000000 0.000000 0.000000 0.000000 0.146435 0.000000 0.000000 0.018417 0.000000 0.000000 0.000000 0.000000 0.000000 0.000000 0.000000 0.201561 0.000000 0.000000 0.133125 0.000000 0.000000 0.000000 0.000000 0.130998 0.000000 0.000000 0.000000 0.000000 0.000000 0.107337 0.000000 0.000000 0.319025 0.000000 0.080236 0.000000 0.000000 0.181552 0.024331 0.000000 0.000000 0.000000
0.000000 0.000000 0.000000 0.028160 0.336518 0.000000 0.000000 0.000000 0.000000 0.000000 0.000000 0.000000 0.000000 0.000000 0.000000 0.000000 0.000000 1.117066 0.308869 0.005477 0.358541 0.312510 0.000000 0.273624 0.379157 0.000000 0.000000 0.085223 0.000000 0.330422 0.000000 0.200778 0.338537 0.000000 0.342594 0.132509 0.000000 0.000000 0.000000 0.000000 0.000000 0.039559 0.000000 0.412372 0.505044 0.475451 0.184351 0.130827 0.158436 0.063835 0.000000 0.000000 0.000000 0.216023 0.000000 0.000000
0.000000 0.090790 0.000000 0.318725 0.229874 0.521339 0.115451 0.708641 0.343232 0.815774 0.000000 0.000000 0.000000 0.180960 0.370658 0.301791 0.065746 0.246495 0.246630 0.000000 0.000000 0.000000 0.298806 0.000000 0.000000 0.000000 0.202468 0.000000 0.000000 0.000000 0.009830 0.000000 0.000000 0.199016 0.000000 0.373477 0.000000 0.000000 0.000000 0.396311 0.394118 0.316165 0.000000 0.342647 0.000000 0.000000 0.000000 0.000000 0.000000 0.061048 0.000000 0.420851 0.000000 0.131872 0.125702 0.903143
