0.209250 0.067906 0.351454 0.161259 0.202117 0.003587 0.036696 0.000000 0.000000 0.000000 0.000000 0.000000 0.000000 0.000000
0.000000 0.000000 0.000000 0.000000 0.524140 0.036779 0.033405 0.000000 0.000000 0.000000 0.000000 0.000000 0.000000 0.000000
0.000000 0.000000 0.000000 0.000000 0.218831 0.181263 0.112351 0.000525 0.000000 0.000000 0.000000 0.000000 0.000000 0.000000
0.165683 0.357147 0.000000 0.000000 0.000000 0.142023 0.084370 0.040268 0.000000 0.000000 0.000000 0.000000 0.000000 0.000000
0.237451 0.252699 0.008011 0.000000 0.000000 0.170062 0.206229 0.124819 0.000000 0.000000 0.000000 0.000000 0.000000 0.000000
0.000000 0.000000 0.000000 0.000000 0.000000 0.000000 0.075622 0.072567 0.028685 0.000000 0.000000 0.000000 0.000000 0.000000
0.000000 0.000000 0.000000 0.000000 0.000000 0.000000 0.000000 0.000000 0.000000 0.000000 0.000000 0.000000 0.000000 0.000000
0.090910 0.000000 0.000000 0.000000 0.000000 0.000000 0.000000 0.000000 0.076337 0.114358 0.040462 0.000000 0.000000 0.000000
0.178118 0.000000 0.000000 0.000000 0.000000 0.000000 0.000000 0.000000 0.041029 0.208312 0.218895 0.044356 0.054061 0.000000
0.181255 0.000000 0.000000 0.000000 0.000000 0.000000 0.000000 0.000000 0.023544 0.072965 0.236598 0.337774 0.310959 0.061651
0.053884 0.000000 0.000000 0.000000 0.000000 0.000000 0.000000 0.000000 0.006072 0.083704 0.091693 0.141723 0.157403 0.000000
0.000000 0.059971 0.094690 0.000000 0.000000 0.000000 0.000000 0.000000 0.000000 0.025957 0.000000 0.000000 0.000000 0.000000
0.000000 0.085557 0.145052 0.037145 0.000000 0.000000 0.000000 0.000000 0.000000 0.000000 0.000000 0.000000 0.198880 0.162915
0.000000 0.147489 0.181425 0.077016 0.124512 0.230508 0.228980 0.153479 0.105417 0.050797 0.044439 0.107529 0.188391 0.267829
