0.152294 0.140717 0.000000 0.170454 0.182403 0.127486 0.075810 0.020754 0.200790 0.078037 0.042823 0.070592 0.000000 0.008949
0.170131 0.020493 0.000000 0.097860 0.000000 0.109712 0.017542 0.000000 0.035643 0.078630 0.081267 0.092365 0.041384 0.013612
0.016519 0.000000 0.000000 0.000000 0.000000 0.072907 0.001546 0.000000 0.000000 0.000000 0.075157 0.020162 0.073794 0.212081
0.000000 0.000000 0.000000 0.000000 0.000000 0.000000 0.041336 0.000000 0.000000 0.000000 0.059065 0.000000 0.032338 0.118882
0.000000 0.000000 0.000000 0.000000 0.000000 0.033546 0.130091 0.099424 0.000000 0.000000 0.026519 0.000000 0.036419 0.102581
0.000000 0.000000 0.000000 0.025353 0.188421 0.101894 0.002074 0.024516 0.077025 0.023527 0.085478 0.000000 0.078385 0.075149
0.000000 0.000000 0.000000 0.000000 0.149815 0.158128 0.000000 0.039229 0.061767 0.080986 0.071036 0.000000 0.000000 0.000000
0.148074 0.022881 0.000000 0.000000 0.077765 0.057501 0.000000 0.048071 0.159130 0.140599 0.063836 0.000000 0.000000 0.026521
0.212693 0.060023 0.000000 0.000000 0.129772 0.110431 0.115245 0.113703 0.179147 0.160146 0.099224 0.054075 0.000000 0.062845
0.171561 0.143938 0.000000 0.000000 0.062615 0.137520 0.167850 0.137066 0.046477 0.032150 0.134587 0.160742 0.050865 0.197708
0.024131 0.015534 0.000000 0.000000 0.009637 0.075746 0.074437 0.105484 0.000000 0.000000 0.000000 0.000000 0.000000 0.276021
0.000000 0.000000 0.009756 0.103413 0.000000 0.107638 0.055405 0.160776 0.184169 0.127677 0.031447 0.000000 0.000000 0.244283
0.000000 0.000000 0.100138 0.069402 0.022785 0.157369 0.175355 0.167009 0.226127 0.170629 0.189870 0.042983 0.004120 0.206889
0.000000 0.000000 0.000000 0.000000 0.000000 0.000000 0.016139 0.125495 0.192573 0.153409 0.098788 0.032159 0.000000 0.128198
