0.223925 0.204188 0.197572 0.204644 0.216872 0.253383 0.306492 0.226430 0.241558 0.256964 0.247522 0.225684 0.199618 0.168608 0.145115 0.128363 0.071809 0.044941 0.054675 0.085715 0.010560 0.017213 0.064378 0.003610 0.003502 0.003678 0.008394 0.003966 0.042137 0.033285 0.076931 0.090787 0.048712 0.080806 0.142687 0.099818 0.081312 0.141357 0.053534 0.070594 0.210434 0.204737 0.189981 0.183944 0.126929 0.103494 0.139482 0.139125 0.124123 0.021220 0.012406 0.125954 0.196928 0.198571 0.218726 0.124046
0.220789 0.157842 0.157248 0.166502 0.217646 0.200849 0.334364 0.256461 0.213402 0.251833 0.254966 0.248398 0.188910 0.075371 0.069542 0.128653 0.063722 0.033247 0.032836 0.028279 0.003915 0.004088 0.030700 0.003621 0.003674 0.003788 0.003891 0.003671 0.003918 0.003775 0.003643 0.117486 0.004653 0.005431 0.122800 0.050144 0.003741 0.006097 0.066698 0.056480 0.098874 0.161271 0.111621 0.096533 0.077545 0.053203 0.074795 0.105358 0.110216 0.003649 0.003741 0.004021 0.061222 0.170325 0.179503 0.110419
0.226508 0.157360 0.168674 0.201442 0.222955 0.192195 0.293375 0.199467 0.123306 0.092343 0.217256 0.280901 0.255492 0.081489 0.051326 0.075721 0.074292 0.096322 0.099796 0.042537 0.003922 0.003521 0.003671 0.053278 0.003920 0.003988 0.003643 0.003866 0.004128 0.003593 0.003581 0.003541 0.003846 0.004008 0.016031 0.019973 0.003332 0.003393 0.035921 0.065124 0.052848 0.139840 0.055725 0.003844 0.003819 0.068712 0.054519 0.059199 0.049922 0.003268 0.003967 0.003970 0.003844 0.132127 0.140331 0.087584
0.226626 0.169589 0.176201 0.235050 0.269864 0.314310 0.236981 0.124853 0.074433 0.054356 0.069548 0.281149 0.266594 0.219020 0.105250 0.107657 0.035955 0.055306 0.147674 0.200526 0.004390 0.003937 0.004197 0.068305 0.004005 0.003719 0.003683 0.003647 0.004362 0.003994 0.003976 0.003735 0.003615 0.003866 0.004259 0.012564 0.031252 0.003491 0.003563 0.003384 0.003570 0.058815 0.058297 0.004003 0.003933 0.004024 0.024219 0.020037 0.004034 0.038042 0.050924 0.004097 0.005861 0.091592 0.091309 0.044605
0.224905 0.172499 0.201906 0.275528 0.213262 0.178216 0.119746 0.099092 0.058274 0.036369 0.030282 0.226826 0.277009 0.191243 0.131674 0.207995 0.180638 0.189363 0.207127 0.112507 0.004077 0.004241 0.006322 0.017509 0.004002 0.004229 0.003901 0.003681 0.003874 0.003761 0.004389 0.004285 0.003937 0.003934 0.004018 0.003839 0.023912 0.004257 0.003908 0.003292 0.003433 0.003166 0.003792 0.003762 0.003800 0.003884 0.003790 0.053487 0.018417 0.005167 0.003560 0.003656 0.004079 0.004170 0.003876 0.003548
0.166277 0.158757 0.233876 0.186293 0.158041 0.190417 0.138053 0.074119 0.046223 0.034788 0.025815 0.036889 0.173311 0.173025 0.141298 0.212114 0.241801 0.124493 0.169465 0.056535 0.004000 0.003635 0.006776 0.004177 0.003992 0.004043 0.004112 0.003210 0.013957 0.003695 0.004127 0.004321 0.004341 0.004245 0.004099 0.003644 0.003749 0.004020 0.003798 0.003700 0.003593 0.003705 0.003680 0.003938 0.003867 0.003852 0.012827 0.060169 0.102025 0.003694 0.003768 0.003900 0.004057 0.004101 0.003846 0.003452
0.158330 0.152983 0.223505 0.193611 0.338055 0.426595 0.217671 0.082858 0.064815 0.046120 0.037871 0.035579 0.036432 0.041234 0.077043 0.112649 0.214666 0.094894 0.170320 0.051754 0.004027 0.004150 0.017633 0.004138 0.003978 0.003810 0.003955 0.003857 0.066351 0.003722 0.004130 0.004032 0.003910 0.003703 0.003974 0.003797 0.003708 0.003742 0.003771 0.004014 0.003907 0.003798 0.004083 0.003953 0.003926 0.003759 0.003886 0.067459 0.068386 0.007165 0.004146 0.004056 0.003924 0.003916 0.003993 0.003493
0.162158 0.107952 0.226479 0.188280 0.278943 0.340514 0.195472 0.071349 0.106683 0.071013 0.057881 0.046533 0.058033 0.071958 0.111918 0.172409 0.254372 0.057672 0.230010 0.090462 0.050753 0.003886 0.044452 0.003544 0.003474 0.003568 0.003835 0.003953 0.003781 0.004186 0.003875 0.003782 0.004139 0.004241 0.003948 0.003872 0.003929 0.003852 0.003845 0.003837 0.003753 0.003943 0.003915 0.003769 0.003932 0.003857 0.003624 0.003589 0.003997 0.004032 0.003821 0.003946 0.003959 0.004212 0.004140 0.003533
0.138471 0.196651 0.265598 0.256428 0.296219 0.205370 0.111472 0.174872 0.277858 0.285072 0.226439 0.046398 0.065671 0.076289 0.131138 0.219504 0.251618 0.041583 0.121309 0.115227 0.058275 0.043031 0.057790 0.027644 0.015595 0.003910 0.004194 0.004135 0.003693 0.004088 0.003623 0.003744 0.003880 0.004232 0.004124 0.004231 0.021355 0.003877 0.003833 0.003844 0.004010 0.003734 0.003943 0.003678 0.003793 0.004077 0.003925 0.003964 0.003996 0.003635 0.070039 0.145416 0.117932 0.088383 0.004013 0.003386
0.127521 0.273645 0.279428 0.268211 0.292647 0.110422 0.075429 0.214384 0.353173 0.448319 0.284608 0.132758 0.073574 0.076172 0.133122 0.179485 0.190873 0.052554 0.040779 0.106062 0.111794 0.074529 0.083272 0.003517 0.004021 0.003643 0.004023 0.004266 0.003591 0.003924 0.004045 0.003850 0.003770 0.003719 0.004131 0.010071 0.045735 0.009215 0.003831 0.004174 0.004510 0.003785 0.004090 0.003887 0.003940 0.003966 0.004007 0.003978 0.003974 0.027383 0.136916 0.157338 0.154551 0.085074 0.003902 0.003893
0.096904 0.238663 0.261174 0.230165 0.287932 0.112572 0.068625 0.144481 0.232240 0.258888 0.263436 0.145350 0.077063 0.073525 0.087125 0.125242 0.147713 0.008442 0.045754 0.146862 0.140781 0.089850 0.082091 0.003638 0.003891 0.004016 0.004056 0.022674 0.023161 0.004011 0.004105 0.004147 0.003754 0.042959 0.003773 0.003877 0.063115 0.027716 0.003578 0.003655 0.003864 0.003812 0.003915 0.003954 0.003951 0.003775 0.003991 0.003844 0.095662 0.113448 0.121918 0.113987 0.115063 0.065595 0.003813 0.003502
0.085599 0.219946 0.280982 0.217439 0.180550 0.106031 0.067373 0.063058 0.062858 0.109068 0.124591 0.077605 0.060278 0.059872 0.074682 0.062643 0.064137 0.012998 0.036832 0.184997 0.163755 0.161015 0.088169 0.003809 0.004107 0.004271 0.069314 0.060657 0.073067 0.004111 0.004320 0.004487 0.003811 0.032865 0.003791 0.008049 0.031205 0.004033 0.003845 0.003630 0.003507 0.003616 0.003955 0.003787 0.003846 0.003934 0.089924 0.112802 0.066869 0.057676 0.105153 0.121131 0.125807 0.128941 0.096294 0.056338
0.066878 0.172115 0.249420 0.260676 0.140150 0.067735 0.034247 0.052694 0.056545 0.051407 0.076011 0.068502 0.055399 0.061119 0.070124 0.054570 0.024093 0.003353 0.018463 0.101064 0.245549 0.181819 0.180581 0.064299 0.026120 0.043416 0.133807 0.084182 0.073007 0.014390 0.004152 0.003699 0.003683 0.003823 0.003755 0.003482 0.041432 0.003695 0.006149 0.032941 0.026411 0.010724 0.003838 0.003695 0.003857 0.004100 0.004004 0.003944 0.004218 0.004123 0.093517 0.072167 0.074850 0.135216 0.136119 0.093573
0.211744 0.339792 0.296340 0.289117 0.160120 0.020080 0.003694 0.074366 0.160922 0.144379 0.061446 0.067707 0.065299 0.064391 0.070570 0.053433 0.033788 0.030535 0.027509 0.035221 0.113486 0.172570 0.158172 0.085849 0.025470 0.121019 0.131110 0.087471 0.077623 0.045243 0.060624 0.066149 0.036022 0.003570 0.003870 0.003798 0.003648 0.003860 0.066101 0.055806 0.040037 0.042298 0.034520 0.003938 0.004112 0.004106 0.004088 0.004146 0.003856 0.004033 0.036224 0.015449 0.042324 0.115382 0.104993 0.041925
0.232623 0.317172 0.239556 0.220601 0.213923 0.151385 0.141262 0.161575 0.150247 0.167478 0.064752 0.070738 0.065008 0.061147 0.045131 0.038808 0.030542 0.044904 0.046944 0.043118 0.057836 0.138496 0.155348 0.167270 0.090594 0.088425 0.056055 0.045378 0.029973 0.064598 0.110827 0.114284 0.094078 0.049838 0.017993 0.003923 0.003603 0.004116 0.003793 0.139645 0.065530 0.038993 0.003936 0.004246 0.004161 0.004006 0.003912 0.003954 0.003713 0.004332 0.040409 0.004121 0.004216 0.004097 0.004096 0.003747
0.346400 0.239365 0.245559 0.156547 0.062100 0.018621 0.015963 0.043875 0.122306 0.140001 0.107371 0.076870 0.060205 0.058365 0.046760 0.039083 0.031118 0.044544 0.045066 0.046319 0.048262 0.065186 0.233422 0.224881 0.204331 0.068154 0.029471 0.032799 0.022268 0.003899 0.023885 0.067346 0.089421 0.054957 0.050722 0.041737 0.003903 0.004089 0.003894 0.088454 0.057352 0.003866 0.003588 0.003929 0.003723 0.003755 0.003971 0.003941 0.003727 0.003916 0.004093 0.003981 0.003919 0.003637 0.003565 0.003607
0.183493 0.167396 0.131965 0.104745 0.059422 0.032159 0.060156 0.095589 0.111333 0.125987 0.107315 0.099601 0.066789 0.062914 0.066264 0.054189 0.045583 0.042614 0.040371 0.036166 0.050169 0.058141 0.134116 0.192611 0.209354 0.126330 0.062182 0.051273 0.022122 0.004118 0.003936 0.003680 0.014697 0.003986 0.003792 0.003922 0.003750 0.003544 0.003500 0.004115 0.003880 0.004096 0.003905 0.003845 0.003975 0.004052 0.003641 0.003908 0.004025 0.004303 0.003783 0.003884 0.003809 0.003962 0.003728 0.003451
0.175105 0.114239 0.118324 0.085380 0.054901 0.042227 0.058053 0.084609 0.127109 0.150055 0.106622 0.084848 0.061530 0.059464 0.058528 0.048058 0.046257 0.034715 0.026073 0.033707 0.046933 0.064439 0.107290 0.201323 0.195605 0.095606 0.068257 0.013578 0.003754 0.003903 0.004003 0.004184 0.003917 0.003925 0.003465 0.003805 0.004102 0.004111 0.003893 0.004048 0.003739 0.004071 0.003976 0.003998 0.004022 0.003713 0.003899 0.003837 0.003698 0.003987 0.004109 0.003864 0.003941 0.004155 0.004118 0.003823
0.173147 0.126799 0.131576 0.115667 0.110476 0.105576 0.096810 0.118421 0.132340 0.128705 0.103471 0.073151 0.076038 0.069505 0.064006 0.060395 0.056954 0.037880 0.022064 0.020966 0.028052 0.038898 0.056344 0.199604 0.146221 0.086942 0.036135 0.004145 0.004066 0.003957 0.004029 0.004262 0.003886 0.003993 0.004091 0.003999 0.003708 0.004161 0.004166 0.004059 0.003900 0.004077 0.004141 0.004323 0.004243 0.004048 0.003948 0.003873 0.003738 0.003841 0.003994 0.004200 0.004051 0.004166 0.003772 0.003657
0.173510 0.140376 0.146212 0.153384 0.156940 0.140824 0.136067 0.125554 0.119122 0.101404 0.105073 0.086326 0.074979 0.072983 0.063245 0.060177 0.042356 0.039340 0.018395 0.013066 0.015150 0.027106 0.034233 0.094554 0.165599 0.072079 0.060441 0.003805 0.004023 0.003954 0.004120 0.003902 0.003778 0.003825 0.003808 0.003787 0.003646 0.004026 0.003817 0.004027 0.003615 0.003416 0.003794 0.003878 0.003758 0.004003 0.003868 0.003923 0.004203 0.003993 0.004039 0.004190 0.004020 0.004177 0.003615 0.003304
0.182198 0.146912 0.122450 0.120017 0.131559 0.133233 0.125371 0.118367 0.101336 0.096244 0.099192 0.088858 0.078487 0.070385 0.056822 0.044707 0.041402 0.034127 0.021941 0.021280 0.026391 0.022123 0.026434 0.035207 0.073000 0.163667 0.051217 0.003379 0.003434 0.003906 0.004263 0.004310 0.003996 0.003923 0.004121 0.004140 0.003965 0.004004 0.003678 0.004154 0.003913 0.003685 0.004101 0.003619 0.003767 0.004043 0.003780 0.003738 0.003964 0.004050 0.004031 0.003850 0.003674 0.003714 0.003932 0.003378
0.188290 0.137313 0.127464 0.119974 0.118525 0.121960 0.114396 0.094055 0.097548 0.098950 0.097809 0.085213 0.058541 0.059923 0.056819 0.047430 0.049887 0.037674 0.027601 0.022269 0.026494 0.021744 0.026511 0.027180 0.041952 0.090386 0.136501 0.046194 0.003209 0.003915 0.003724 0.003925 0.004050 0.003988 0.004396 0.004337 0.004064 0.004313 0.004280 0.004004 0.004234 0.004165 0.004043 0.004037 0.003859 0.003960 0.004100 0.003748 0.003833 0.003799 0.003903 0.003912 0.004098 0.003882 0.004011 0.003445
0.161563 0.125629 0.122866 0.123290 0.105724 0.102064 0.099137 0.069936 0.068131 0.091852 0.086264 0.069884 0.055354 0.055123 0.059697 0.039008 0.031014 0.033260 0.035100 0.024643 0.023412 0.021370 0.014314 0.016522 0.021192 0.033759 0.066908 0.155291 0.003424 0.003169 0.004105 0.004084 0.004051 0.003999 0.003945 0.004044 0.004053 0.003952 0.004227 0.004130 0.004079 0.003919 0.004160 0.004150 0.003965 0.003865 0.004132 0.004085 0.004237 0.004346 0.004045 0.003910 0.004128 0.004071 0.003866 0.004085
0.169281 0.130332 0.127040 0.101874 0.097267 0.090748 0.086585 0.072006 0.075223 0.082333 0.074910 0.068224 0.052345 0.050835 0.052355 0.055239 0.053237 0.039185 0.046034 0.030878 0.022758 0.011310 0.003097 0.005173 0.005424 0.017970 0.037375 0.062996 0.129080 0.002545 0.002856 0.004195 0.004169 0.004163 0.004034 0.003878 0.003919 0.003835 0.003738 0.004258 0.004376 0.004250 0.004147 0.004253 0.004057 0.004164 0.003941 0.003982 0.004022 0.004045 0.003948 0.004293 0.004077 0.004079 0.004078 0.003574
0.170736 0.129667 0.128580 0.117377 0.091036 0.092129 0.083254 0.077547 0.067970 0.071446 0.078017 0.061935 0.066881 0.056367 0.065103 0.066337 0.053788 0.045538 0.056957 0.033788 0.021828 0.017697 0.012912 0.007665 0.006014 0.017163 0.019991 0.034061 0.042439 0.128130 0.002430 0.003070 0.004136 0.004133 0.004203 0.004053 0.004135 0.003776 0.003768 0.003827 0.004158 0.004101 0.004121 0.004020 0.004054 0.004062 0.004112 0.004267 0.004167 0.004015 0.004017 0.004082 0.004278 0.004284 0.003811 0.003714
0.182056 0.132352 0.121781 0.120957 0.095506 0.086338 0.091538 0.088834 0.087383 0.087549 0.085028 0.080654 0.072651 0.074624 0.070292 0.065738 0.051419 0.047928 0.061443 0.032582 0.028038 0.020782 0.020696 0.026331 0.026743 0.019671 0.018896 0.029793 0.035239 0.043787 0.092439 0.002323 0.003350 0.003962 0.004151 0.004611 0.004266 0.003883 0.003987 0.004007 0.003852 0.004075 0.004055 0.004025 0.004379 0.003991 0.004174 0.004034 0.004031 0.004223 0.004205 0.003884 0.004197 0.004279 0.003733 0.003771
0.171249 0.140147 0.131238 0.101695 0.093149 0.094751 0.088495 0.091503 0.099297 0.099945 0.085892 0.078730 0.075440 0.075437 0.076559 0.058111 0.051428 0.056166 0.027969 0.031211 0.038924 0.027357 0.038124 0.043421 0.030597 0.028343 0.028059 0.028298 0.033444 0.030923 0.063273 0.002556 0.002819 0.003743 0.003941 0.003887 0.004329 0.004356 0.003990 0.004135 0.004168 0.003929 0.004146 0.004026 0.003923 0.003865 0.003921 0.004078 0.004135 0.004167 0.004198 0.004038 0.004317 0.003957 0.003823 0.003583
0.157770 0.132458 0.127810 0.114170 0.101601 0.092009 0.092512 0.091805 0.092079 0.094817 0.081906 0.078848 0.070359 0.069781 0.070354 0.047377 0.051060 0.056872 0.038408 0.047899 0.057698 0.048929 0.059006 0.057288 0.041337 0.031475 0.026380 0.026788 0.030727 0.034084 0.037541 0.110398 0.002399 0.002606 0.003861 0.003790 0.003910 0.004038 0.003913 0.004115 0.004345 0.004019 0.004190 0.004101 0.004150 0.004270 0.003990 0.004036 0.004435 0.004099 0.004308 0.004154 0.004416 0.004157 0.004065 0.003541
0.158730 0.123207 0.126747 0.113969 0.099573 0.096302 0.108574 0.106410 0.093364 0.083222 0.079397 0.079831 0.071388 0.063114 0.061048 0.059667 0.063976 0.048098 0.077831 0.075961 0.086218 0.060508 0.063541 0.059379 0.044780 0.037626 0.028031 0.028591 0.035122 0.037291 0.042706 0.041402 0.066379 0.002071 0.002993 0.003858 0.004049 0.003999 0.003862 0.003928 0.004309 0.003969 0.004128 0.003996 0.004215 0.004165 0.004045 0.003820 0.004037 0.003877 0.003895 0.004155 0.004145 0.004221 0.004108 0.003732
0.148963 0.120329 0.100697 0.097438 0.100136 0.086988 0.090663 0.093554 0.092121 0.080536 0.073207 0.064408 0.053862 0.059270 0.052079 0.059483 0.071951 0.082790 0.100092 0.107556 0.098083 0.071301 0.067287 0.061300 0.051582 0.038421 0.035023 0.036018 0.032213 0.028902 0.037257 0.046030 0.056746 0.002734 0.002454 0.003572 0.004055 0.004100 0.004040 0.003627 0.003805 0.004222 0.004110 0.003776 0.004299 0.003984 0.004188 0.004085 0.003923 0.004351 0.004080 0.003801 0.003839 0.004050 0.004029 0.003439
0.134839 0.106058 0.100508 0.099799 0.073157 0.075400 0.082047 0.083246 0.069540 0.066745 0.054726 0.055708 0.054387 0.059373 0.054043 0.055325 0.079195 0.116422 0.106815 0.106517 0.076713 0.061939 0.064635 0.064101 0.052215 0.040802 0.033901 0.034425 0.030300 0.027019 0.030179 0.043577 0.049088 0.089385 0.002947 0.003591 0.004134 0.003695 0.004130 0.003958 0.003919 0.004064 0.004071 0.004007 0.003888 0.003977 0.003735 0.004055 0.003906 0.003680 0.004167 0.004127 0.004106 0.004049 0.004111 0.003636
0.119259 0.086222 0.084427 0.089532 0.064480 0.053857 0.052590 0.048627 0.052929 0.055358 0.048122 0.043259 0.047096 0.072319 0.051189 0.088362 0.117483 0.128516 0.111568 0.098767 0.074885 0.061359 0.063236 0.065603 0.058592 0.051305 0.039554 0.034399 0.031049 0.028091 0.025245 0.030732 0.047618 0.054982 0.002926 0.003182 0.003758 0.004124 0.004679 0.004614 0.004292 0.004303 0.004240 0.004328 0.004181 0.004395 0.004285 0.003822 0.004177 0.004104 0.004082 0.004263 0.004219 0.004162 0.004069 0.003862
0.091247 0.056138 0.059896 0.062804 0.061820 0.063471 0.051726 0.055823 0.069213 0.054710 0.050473 0.042626 0.059218 0.064227 0.083817 0.129224 0.130283 0.118584 0.097131 0.094845 0.074425 0.074386 0.058901 0.059585 0.061874 0.053083 0.049951 0.040489 0.028358 0.028764 0.025836 0.028283 0.032266 0.027905 0.077299 0.003111 0.003450 0.003683 0.003784 0.004139 0.003999 0.004060 0.003871 0.004091 0.004094 0.004194 0.004077 0.004256 0.004213 0.003948 0.003829 0.003983 0.004176 0.004100 0.003929 0.003750
0.082939 0.043315 0.059415 0.048239 0.054185 0.064197 0.064647 0.062677 0.065634 0.062336 0.061977 0.059526 0.061664 0.084618 0.113086 0.121965 0.126194 0.102076 0.090283 0.087689 0.071322 0.075380 0.061377 0.058835 0.066700 0.054913 0.051629 0.051299 0.039769 0.039991 0.036662 0.036534 0.032422 0.026684 0.078003 0.003313 0.003104 0.003796 0.003721 0.003990 0.004059 0.004027 0.003659 0.004167 0.004210 0.004338 0.004003 0.004140 0.003923 0.003736 0.003721 0.003736 0.003798 0.003674 0.003839 0.003588
0.029262 0.032739 0.049356 0.042608 0.056222 0.060873 0.061867 0.064495 0.067302 0.046845 0.054300 0.061884 0.086625 0.101036 0.118019 0.127555 0.126332 0.096264 0.089928 0.076625 0.074977 0.075639 0.064175 0.059671 0.066163 0.052973 0.051148 0.049741 0.047086 0.044703 0.042404 0.037418 0.038623 0.034436 0.042285 0.110318 0.003529 0.003553 0.004104 0.004081 0.003822 0.004022 0.004141 0.003867 0.003797 0.003710 0.003853 0.004064 0.004003 0.004166 0.004012 0.004157 0.004009 0.004141 0.003741 0.003692
0.003714 0.004268 0.004074 0.016490 0.060508 0.059909 0.064372 0.057741 0.066320 0.060821 0.052221 0.074815 0.098145 0.125546 0.126961 0.114823 0.107725 0.104703 0.087678 0.066370 0.066405 0.080533 0.077029 0.070721 0.069898 0.064698 0.053637 0.051078 0.050249 0.046011 0.044424 0.042706 0.041845 0.042604 0.033356 0.061533 0.007543 0.003496 0.003874 0.004501 0.004128 0.004109 0.004128 0.003930 0.003889 0.004012 0.004321 0.004187 0.004218 0.004388 0.004214 0.004164 0.004082 0.004255 0.003952 0.003602
0.003655 0.003792 0.003591 0.003401 0.037463 0.037996 0.044570 0.047418 0.053812 0.064642 0.079178 0.098667 0.105916 0.127524 0.123103 0.101898 0.102189 0.108377 0.093635 0.070329 0.071092 0.081180 0.069573 0.076221 0.072594 0.068267 0.064350 0.059937 0.058299 0.058007 0.049904 0.045307 0.041457 0.040484 0.032363 0.035828 0.150554 0.003011 0.003248 0.003666 0.003939 0.003846 0.003890 0.004187 0.003863 0.003919 0.004219 0.004113 0.004142 0.004243 0.003876 0.003720 0.003733 0.003984 0.003907 0.003760
0.003659 0.003380 0.003489 0.003882 0.025935 0.034795 0.030493 0.037879 0.048847 0.062491 0.076488 0.088843 0.115012 0.107115 0.111063 0.106569 0.103023 0.113027 0.096297 0.086814 0.085602 0.089323 0.082018 0.076508 0.074962 0.069043 0.065318 0.057856 0.059466 0.059163 0.060630 0.052602 0.043312 0.041431 0.032126 0.025605 0.094922 0.130447 0.002982 0.002784 0.003002 0.002960 0.003314 0.004256 0.004335 0.004057 0.003828 0.003576 0.003547 0.003992 0.003679 0.003589 0.003624 0.003946 0.004189 0.003545
0.003450 0.003441 0.003517 0.003948 0.004236 0.013165 0.036238 0.044920 0.056464 0.063502 0.051817 0.058722 0.084098 0.114365 0.106698 0.100372 0.099510 0.106806 0.099528 0.094856 0.090975 0.085964 0.087387 0.078165 0.072197 0.085304 0.072724 0.055455 0.055770 0.053785 0.051368 0.049283 0.045439 0.045051 0.035240 0.031762 0.041955 0.099787 0.124111 0.019833 0.002398 0.006330 0.003144 0.003939 0.003856 0.004037 0.003336 0.003034 0.003314 0.002806 0.002970 0.003057 0.003433 0.003291 0.003538 0.003311
0.004096 0.003916 0.003556 0.003567 0.003805 0.004150 0.057079 0.048377 0.048116 0.032834 0.038729 0.031223 0.046563 0.072360 0.103325 0.101582 0.103822 0.104206 0.104863 0.100907 0.088020 0.082087 0.089570 0.080862 0.082803 0.090129 0.073282 0.058078 0.055396 0.051264 0.048846 0.046518 0.048957 0.046692 0.042419 0.033922 0.031109 0.039744 0.069874 0.092920 0.094076 0.113270 0.043219 0.003719 0.003437 0.003418 0.074021 0.099000 0.124977 0.074938 0.030924 0.018329 0.003009 0.003185 0.003356 0.003109
0.003752 0.003925 0.003754 0.003581 0.003784 0.004185 0.071364 0.036442 0.022421 0.030410 0.018712 0.020251 0.021726 0.046495 0.100802 0.104279 0.107188 0.103052 0.109522 0.106697 0.095451 0.091103 0.088263 0.083534 0.081143 0.080719 0.065305 0.062721 0.057321 0.051468 0.050937 0.056484 0.056850 0.049970 0.046901 0.042023 0.037818 0.041436 0.053432 0.055704 0.099221 0.108448 0.094163 0.003122 0.002987 0.046668 0.086355 0.096851 0.096737 0.104170 0.109509 0.102100 0.117141 0.141692 0.003550 0.003340
0.003841 0.004073 0.003978 0.003760 0.003721 0.004080 0.088721 0.043019 0.018401 0.047716 0.038564 0.037049 0.041414 0.040803 0.075665 0.082559 0.109373 0.119592 0.127639 0.120311 0.111032 0.088963 0.096443 0.090914 0.083739 0.082588 0.061234 0.058198 0.062774 0.058130 0.055794 0.060325 0.062534 0.051058 0.047011 0.046063 0.035171 0.039861 0.060194 0.070985 0.067534 0.106938 0.096414 0.094088 0.126137 0.122633 0.079399 0.077301 0.079555 0.082388 0.104889 0.105327 0.107215 0.126603 0.026127 0.020040
0.003823 0.003696 0.003412 0.003769 0.003340 0.003598 0.081269 0.056013 0.015247 0.026999 0.018986 0.025408 0.059944 0.061108 0.058614 0.064015 0.104856 0.117354 0.128936 0.121425 0.096598 0.098032 0.101597 0.102460 0.099003 0.093642 0.071953 0.064787 0.064956 0.066350 0.061393 0.063353 0.056470 0.047749 0.046202 0.044230 0.037742 0.043831 0.057438 0.067781 0.087404 0.089448 0.093805 0.118022 0.125301 0.075447 0.061148 0.057618 0.063834 0.076548 0.085108 0.090567 0.099780 0.103302 0.122286 0.059243
0.004071 0.004306 0.003893 0.003845 0.003711 0.003109 0.095499 0.065369 0.051876 0.059134 0.036757 0.042472 0.042259 0.055554 0.051833 0.062239 0.108690 0.117541 0.112530 0.112862 0.105520 0.106898 0.113227 0.108322 0.101532 0.098158 0.079361 0.071142 0.073277 0.070811 0.062187 0.063159 0.062432 0.051442 0.046398 0.044303 0.041349 0.051407 0.054937 0.059510 0.088571 0.100662 0.097929 0.102940 0.084764 0.073367 0.063283 0.053287 0.056554 0.070465 0.073500 0.079458 0.086822 0.100868 0.127901 0.089368
0.003719 0.004159 0.004026 0.004310 0.004148 0.003852 0.119512 0.095055 0.075761 0.081990 0.094371 0.080877 0.065478 0.056165 0.048961 0.067664 0.094953 0.104833 0.094542 0.102343 0.112246 0.117454 0.113552 0.127288 0.105057 0.083545 0.069483 0.062774 0.082371 0.079753 0.066941 0.070219 0.068465 0.055362 0.063091 0.056114 0.052580 0.054860 0.056807 0.060473 0.088772 0.114446 0.102057 0.092365 0.075648 0.066197 0.062511 0.052568 0.051840 0.062874 0.063737 0.074082 0.085731 0.099318 0.105603 0.081666
0.003810 0.003690 0.003979 0.003943 0.003837 0.003743 0.146763 0.115017 0.106383 0.095984 0.101398 0.076194 0.080593 0.074299 0.077921 0.083965 0.087344 0.096855 0.095137 0.103419 0.109240 0.124104 0.126024 0.121660 0.111441 0.093886 0.089517 0.098986 0.094228 0.090164 0.085409 0.084975 0.081086 0.074242 0.067425 0.070645 0.080334 0.065839 0.072429 0.077692 0.089004 0.112034 0.101205 0.095185 0.081340 0.068596 0.063923 0.053483 0.056885 0.061157 0.063732 0.076531 0.082469 0.089703 0.097514 0.074637
0.003945 0.003896 0.004308 0.003781 0.003776 0.003995 0.160187 0.126362 0.105907 0.103697 0.091357 0.072290 0.086411 0.091322 0.093658 0.088790 0.093397 0.100693 0.100050 0.098238 0.126735 0.134664 0.142160 0.132112 0.125879 0.118561 0.106440 0.111129 0.109736 0.089186 0.085502 0.082507 0.088623 0.086100 0.092497 0.099008 0.086092 0.084343 0.093457 0.090976 0.092995 0.102433 0.100872 0.103843 0.091928 0.082742 0.065162 0.063750 0.057547 0.055200 0.068680 0.082088 0.085838 0.084277 0.088905 0.068249
0.003673 0.004139 0.004063 0.003811 0.003850 0.003830 0.132160 0.128019 0.121267 0.119416 0.088742 0.042810 0.043811 0.066167 0.044750 0.077430 0.092972 0.098338 0.091941 0.107884 0.133179 0.141633 0.139667 0.128790 0.112961 0.106224 0.091690 0.094205 0.101744 0.090305 0.089499 0.089962 0.095360 0.093861 0.103081 0.100645 0.103657 0.100189 0.102299 0.107091 0.107315 0.100471 0.098362 0.108240 0.101798 0.094055 0.074036 0.071330 0.062514 0.058192 0.069423 0.081506 0.083627 0.081593 0.088441 0.069783
0.003365 0.003919 0.004337 0.004113 0.003721 0.003368 0.125022 0.145412 0.149553 0.113201 0.068872 0.024397 0.003705 0.003805 0.020290 0.040114 0.103820 0.098397 0.097283 0.116061 0.122851 0.115024 0.100130 0.101709 0.095282 0.087398 0.085179 0.080637 0.088215 0.101943 0.097989 0.091322 0.097357 0.095671 0.099530 0.102047 0.101354 0.106661 0.105393 0.112679 0.125487 0.123548 0.112365 0.107594 0.098406 0.100296 0.074277 0.067061 0.060470 0.069587 0.073667 0.081366 0.080485 0.079805 0.088546 0.061913
0.004081 0.003747 0.003820 0.004084 0.003824 0.003929 0.137109 0.141534 0.095789 0.085180 0.004096 0.004279 0.004046 0.004096 0.003911 0.004147 0.054196 0.085586 0.099012 0.112808 0.109489 0.080060 0.061334 0.095367 0.089040 0.056298 0.057534 0.066919 0.077900 0.100142 0.099016 0.092838 0.090169 0.099202 0.103855 0.101108 0.096624 0.109007 0.114858 0.130233 0.135837 0.153040 0.136332 0.140278 0.113042 0.102118 0.074544 0.074258 0.062799 0.067126 0.080006 0.082529 0.080863 0.077515 0.082736 0.052987
0.003987 0.003907 0.004037 0.003955 0.003436 0.003924 0.005983 0.008246 0.004321 0.004080 0.004423 0.004196 0.004254 0.003885 0.003263 0.003395 0.058960 0.054873 0.072437 0.119967 0.117071 0.077355 0.055036 0.048176 0.056109 0.053576 0.039524 0.059751 0.081059 0.109690 0.114320 0.106718 0.110510 0.109421 0.115592 0.102925 0.092805 0.105905 0.127388 0.124784 0.136426 0.135965 0.146714 0.166501 0.132829 0.102066 0.089402 0.054792 0.054194 0.065008 0.070064 0.082971 0.086286 0.097224 0.098861 0.068653
0.004168 0.004193 0.003828 0.004525 0.002716 0.002514 0.003586 0.004346 0.004115 0.004036 0.003903 0.003781 0.004034 0.003906 0.003832 0.003614 0.003565 0.003700 0.007620 0.112686 0.147369 0.122746 0.077231 0.048678 0.049817 0.012820 0.004091 0.035781 0.075306 0.100479 0.109127 0.099882 0.104690 0.124962 0.141450 0.130705 0.120851 0.111164 0.126236 0.124197 0.149828 0.151862 0.164039 0.142094 0.127928 0.135273 0.098164 0.079069 0.082951 0.069542 0.048850 0.095008 0.117137 0.091777 0.091891 0.086598
0.003898 0.003853 0.004163 0.004317 0.004001 0.003733 0.003860 0.003691 0.004093 0.003905 0.003941 0.003849 0.004070 0.004066 0.004202 0.004158 0.003798 0.003723 0.004480 0.003974 0.003916 0.061357 0.163739 0.135702 0.127746 0.021444 0.003337 0.027136 0.111616 0.124775 0.133120 0.123788 0.126176 0.126409 0.129295 0.145912 0.126348 0.120824 0.150294 0.152785 0.094484 0.103791 0.150676 0.105134 0.125080 0.146026 0.090382 0.084747 0.025033 0.003809 0.003962 0.004347 0.060440 0.023508 0.029555 0.049269
0.003746 0.004176 0.004297 0.003929 0.003976 0.004043 0.004038 0.003744 0.003498 0.003692 0.003514 0.003746 0.004370 0.003932 0.003958 0.004177 0.003941 0.003967 0.003707 0.003520 0.003450 0.008540 0.143826 0.149098 0.116957 0.003424 0.003868 0.089345 0.146093 0.167695 0.155161 0.153812 0.147260 0.138668 0.153019 0.157671 0.158469 0.150975 0.089849 0.099671 0.004031 0.003667 0.003736 0.004117 0.004044 0.004001 0.004019 0.004019 0.004203 0.004044 0.004017 0.004270 0.004161 0.003871 0.003991 0.003450
0.004042 0.003960 0.003867 0.004203 0.004192 0.004176 0.003984 0.004294 0.003937 0.003756 0.003811 0.003493 0.003862 0.003914 0.003967 0.003783 0.003603 0.004139 0.003718 0.003692 0.003745 0.003639 0.058132 0.003696 0.003900 0.003659 0.004200 0.083383 0.159601 0.162091 0.160866 0.069532 0.084739 0.188039 0.166253 0.146998 0.154747 0.015207 0.003812 0.003746 0.004152 0.004077 0.003856 0.003942 0.003942 0.003814 0.004018 0.004068 0.003991 0.003962 0.003786 0.003799 0.003684 0.003945 0.003759 0.003513
0.015377 0.015816 0.016454 0.017501 0.017003 0.017482 0.020490 0.019311 0.019249 0.018208 0.016490 0.015250 0.016568 0.017048 0.016048 0.016976 0.018438 0.015170 0.015788 0.016597 0.015532 0.014822 0.016086 0.015026 0.014717 0.015376 0.014847 0.015780 0.079752 0.073703 0.114034 0.014786 0.015215 0.105573 0.015911 0.021125 0.083289 0.020103 0.015993 0.016712 0.018278 0.017100 0.016174 0.014897 0.015733 0.014785 0.014981 0.014862 0.016330 0.016651 0.017230 0.017023 0.016052 0.017185 0.018610 0.013593
