0.000000 0.000000 0.000000 0.000000 0.258129 0.676973 0.476051 0.607087 0.595590 0.420903 0.287087 0.163959 0.000000 0.000000 0.047581 0.173992 0.101584 0.139008 0.120118 0.000000 0.000000 0.234750 0.358863 0.320985 0.125413 0.051667 0.000000 0.003168
0.000000 0.000000 0.000000 0.000000 0.339890 0.732748 0.434379 0.214825 0.169079 0.240740 0.152728 0.065280 0.000000 0.000000 0.000000 0.000000 0.000000 0.009217 0.067893 0.000000 0.000000 0.080501 0.012151 0.000000 0.000000 0.000000 0.000000 0.025670
0.000000 0.000000 0.000000 0.141955 0.278307 0.253881 0.007072 0.000000 0.000000 0.264037 0.000000 0.000000 0.000000 0.000000 0.000000 0.000000 0.000000 0.000000 0.000000 0.000000 0.035127 0.000000 0.000000 0.000000 0.000000 0.182665 0.251951 0.000000
0.000000 0.000000 0.042505 0.317740 0.299568 0.000000 0.000000 0.000000 0.119378 0.474923 0.000000 0.000000 0.000000 0.000000 0.000000 0.002577 0.000000 0.000000 0.000000 0.000000 0.000000 0.000000 0.000000 0.000000 0.000000 0.000000 0.000000 0.000000
0.000000 0.000000 0.138587 0.250192 0.235455 0.000000 0.056612 0.000000 0.305276 0.479782 0.000000 0.000000 0.000000 0.000000 0.000000 0.000000 0.000000 0.000000 0.000000 0.000000 0.000000 0.000000 0.000000 0.000000 0.000000 0.000000 0.000000 0.000000
0.000000 0.000000 0.250471 0.434369 0.275027 0.000000 0.236868 0.240789 0.310586 0.288404 0.074845 0.000000 0.000000 0.000000 0.000000 0.000000 0.000000 0.000000 0.000000 0.000000 0.000000 0.000000 0.000000 0.000000 0.000000 0.000000 0.000000 0.089033
0.000000 0.000000 0.250663 0.304845 0.160361 0.077021 0.187723 0.195193 0.006017 0.000000 0.079798 0.000000 0.000000 0.000000 0.000000 0.000000 0.000000 0.000000 0.000000 0.000000 0.000000 0.000000 0.000000 0.000000 0.000000 0.000000 0.000000 0.123326
0.000000 0.284731 0.410203 0.252051 0.116612 0.094269 0.136138 0.172782 0.000000 0.000000 0.099725 0.026655 0.000000 0.000000 0.142912 0.000000 0.000000 0.128340 0.000000 0.000000 0.000000 0.155734 0.266722 0.149842 0.000000 0.000000 0.343038 0.344339
0.359888 0.480726 0.286998 0.000000 0.000000 0.000000 0.045610 0.054022 0.079289 0.128772 0.092898 0.102094 0.122405 0.197297 0.290258 0.195483 0.089346 0.274738 0.000000 0.000000 0.000000 0.551182 0.375257 0.000000 0.000000 0.089154 0.338470 0.000000
0.228047 0.169332 0.088980 0.000000 0.000000 0.056598 0.201085 0.177859 0.276114 0.207487 0.000640 0.079421 0.320136 0.490512 0.514891 0.471934 0.455868 0.281482 0.111851 0.000000 0.085701 0.269599 0.240919 0.204872 0.256317 0.322469 0.070309 0.000000
0.165351 0.064760 0.244267 0.079163 0.067077 0.199093 0.219847 0.239438 0.220247 0.053205 0.000000 0.000000 0.332144 0.509838 0.542597 0.403020 0.262839 0.158054 0.149613 0.111211 0.046765 0.037775 0.101933 0.302366 0.459304 0.233510 0.000000 0.000000
0.169117 0.035881 0.278410 0.275677 0.181541 0.087448 0.116411 0.170628 0.194694 0.132438 0.000000 0.000000 0.035056 0.127354 0.275687 0.209616 0.000000 0.092299 0.197473 0.224617 0.072545 0.000000 0.000000 0.235766 0.311247 0.090082 0.000000 0.000000
0.223202 0.098270 0.329291 0.282246 0.227109 0.067649 0.145200 0.186316 0.167093 0.079957 0.000000 0.000000 0.000000 0.000000 0.005022 0.105881 0.000000 0.038730 0.150000 0.218381 0.101549 0.000000 0.000000 0.056152 0.004637 0.022323 0.012488 0.000000
0.323355 0.246205 0.347033 0.309566 0.222336 0.099324 0.098786 0.107731 0.068689 0.000000 0.000000 0.000000 0.000000 0.000000 0.000000 0.032308 0.049900 0.057676 0.086006 0.169260 0.127475 0.000000 0.000000 0.000000 0.000000 0.000000 0.015803 0.000000
0.390239 0.271838 0.399270 0.367656 0.242145 0.057091 0.000000 0.000000 0.000000 0.000000 0.000000 0.077996 0.061977 0.009847 0.000000 0.000000 0.145867 0.134524 0.101865 0.098525 0.075996 0.000000 0.000000 0.000000 0.000000 0.000000 0.122221 0.020661
0.421909 0.337353 0.409689 0.345138 0.194885 0.000000 0.000000 0.000000 0.000000 0.000000 0.125181 0.136326 0.120131 0.038244 0.000000 0.000000 0.055130 0.164327 0.057382 0.000000 0.000000 0.000000 0.000000 0.000000 0.000000 0.000000 0.055650 0.002343
0.274776 0.187227 0.175759 0.027762 0.000000 0.000000 0.000000 0.000000 0.000000 0.025487 0.228875 0.181964 0.092268 0.000000 0.000000 0.000000 0.000000 0.056971 0.062664 0.000000 0.000000 0.000000 0.000000 0.000000 0.000000 0.000000 0.000000 0.000000
0.196791 0.004383 0.000000 0.000000 0.000000 0.000000 0.000000 0.000000 0.000000 0.130971 0.163420 0.031703 0.000000 0.000000 0.000000 0.000000 0.000000 0.005191 0.105415 0.032735 0.000000 0.000000 0.000000 0.000000 0.000000 0.103500 0.000000 0.000000
0.100969 0.000000 0.000000 0.000000 0.000000 0.000000 0.000000 0.000000 0.000000 0.127799 0.056555 0.000000 0.000000 0.000000 0.009589 0.005771 0.000000 0.000000 0.055397 0.149428 0.000000 0.054604 0.000000 0.000000 0.000000 0.011758 0.000000 0.000000
0.000000 0.000000 0.000000 0.014278 0.000000 0.000000 0.000000 0.000000 0.000000 0.000000 0.000000 0.000000 0.000000 0.000000 0.000087 0.000000 0.000000 0.000000 0.000000 0.089738 0.022275 0.148118 0.000000 0.000000 0.000000 0.031383 0.024281 0.000000
0.000000 0.000000 0.000000 0.000000 0.000000 0.000000 0.000000 0.000000 0.000000 0.000000 0.011571 0.000000 0.000000 0.000000 0.018698 0.020268 0.000000 0.000000 0.000000 0.000000 0.000000 0.036674 0.000000 0.000000 0.000000 0.007739 0.000000 0.000000
0.000000 0.000000 0.000000 0.000000 0.000000 0.000000 0.000000 0.000000 0.000000 0.000000 0.039838 0.000000 0.000000 0.000000 0.000000 0.020528 0.000000 0.000000 0.000000 0.000000 0.000000 0.000000 0.000000 0.000000 0.000000 0.000000 0.000000 0.000000
0.000000 0.000000 0.000000 0.000000 0.000000 0.111499 0.072213 0.000000 0.000000 0.000000 0.000000 0.000000 0.000000 0.028667 0.031550 0.000000 0.000000 0.000000 0.000000 0.000000 0.000000 0.000000 0.062729 0.064835 0.000000 0.000000 0.000000 0.000000
0.000000 0.000000 0.000000 0.000000 0.000000 0.166561 0.001798 0.000000 0.000000 0.000000 0.000000 0.050132 0.164648 0.072316 0.000000 0.000000 0.000000 0.000000 0.000000 0.000000 0.000000 0.148520 0.293531 0.225713 0.117295 0.000000 0.000000 0.000000
0.000000 0.000000 0.000000 0.000000 0.018857 0.146541 0.000000 0.000000 0.000000 0.000000 0.033603 0.328673 0.254183 0.025766 0.000000 0.000000 0.000000 0.000000 0.000000 0.000000 0.000000 0.250427 0.451266 0.521304 0.343637 0.126542 0.045004 0.021764
0.000000 0.000000 0.000000 0.000000 0.000000 0.173869 0.068397 0.000000 0.000000 0.000000 0.098799 0.090064 0.033100 0.000000 0.000000 0.000000 0.000000 0.000000 0.000000 0.000000 0.000000 0.000000 0.230278 0.370371 0.344802 0.136997 0.090492 0.144135
0.096355 0.000000 0.000000 0.000000 0.040490 0.033325 0.000000 0.000000 0.000000 0.000000 0.000000 0.000000 0.000000 0.000000 0.000000 0.204779 0.180624 0.229548 0.421867 0.565923 0.238220 0.052304 0.193662 0.426238 0.480002 0.241759 0.145788 0.042591
0.086400 0.000000 0.000000 0.089627 0.000000 0.000000 0.000000 0.000000 0.000000 0.000000 0.000000 0.000000 0.000000 0.000000 0.000000 0.272271 0.199506 0.073621 0.371702 0.545006 0.173061 0.036759 0.000000 0.048095 0.240092 0.000000 0.000000 0.000000
