0.081891 0.091623 0.101047 0.091887 0.095352 0.098388 0.328527 0.662155 0.630378 0.705507 0.400692 0.124610 0.098864 0.103618 0.120830 0.135433 0.150387 0.156352 0.165071 0.143284 0.165597 0.185950 0.208561 0.237325 0.217870 0.187169 0.162950 0.170964 0.174043 0.195093 0.158965 0.124936 0.167862 0.141548 0.096506 0.114928 0.130541 0.106501 0.124395 0.148295 0.095786 0.085130 0.081028 0.082949 0.117612 0.152826 0.133538 0.140528 0.160453 0.145205 0.143098 0.137747 0.088163 0.098793 0.089470 0.123858
0.062258 0.066443 0.091321 0.075468 0.096079 0.147920 0.346204 0.720279 0.597898 0.686621 0.464291 0.271215 0.101109 0.119481 0.123042 0.117138 0.140764 0.118060 0.124492 0.166510 0.147021 0.148747 0.172337 0.198367 0.182499 0.202681 0.204328 0.160570 0.191563 0.183678 0.111583 0.077009 0.127591 0.147682 0.146839 0.135882 0.146673 0.102937 0.085256 0.124371 0.128198 0.064780 0.070520 0.079140 0.097312 0.118839 0.117530 0.091100 0.095095 0.132292 0.165796 0.144167 0.093452 0.072212 0.076816 0.074904
0.074942 0.075932 0.116443 0.088981 0.140809 0.248244 0.505505 0.653876 0.670321 0.830407 0.781287 0.456298 0.223589 0.140524 0.148291 0.167034 0.159531 0.136698 0.115205 0.166872 0.183243 0.171002 0.163850 0.149787 0.144090 0.171357 0.176645 0.158190 0.192429 0.223055 0.197681 0.150501 0.140109 0.198455 0.234007 0.190549 0.179430 0.148899 0.101873 0.091932 0.109907 0.096134 0.087236 0.120422 0.121708 0.106681 0.126341 0.118674 0.119959 0.124273 0.159792 0.179911 0.122918 0.090264 0.093884 0.094429
0.067293 0.081698 0.206866 0.236038 0.363657 0.405448 0.716156 0.729930 0.790567 0.882092 0.903991 0.635658 0.358073 0.099172 0.147985 0.166565 0.264813 0.333438 0.260468 0.107748 0.134649 0.192110 0.157270 0.137602 0.142297 0.178611 0.134878 0.140624 0.147900 0.201218 0.258881 0.253174 0.246357 0.204119 0.217336 0.217497 0.200820 0.210919 0.163878 0.140296 0.118100 0.109731 0.097309 0.138174 0.185170 0.177894 0.138517 0.152483 0.153218 0.133764 0.144281 0.143580 0.117243 0.100612 0.109876 0.120490
0.080936 0.200741 0.272015 0.504903 0.729599 0.779220 0.818297 0.850370 0.902212 0.914468 0.915148 0.843764 0.697885 0.555709 0.345559 0.334157 0.418120 0.636895 0.493596 0.199208 0.138264 0.176443 0.142341 0.138178 0.175272 0.195457 0.193231 0.162575 0.137904 0.170794 0.218043 0.244453 0.253618 0.211319 0.195077 0.188388 0.157018 0.215169 0.222233 0.188768 0.145634 0.158025 0.165290 0.168726 0.238696 0.228447 0.127571 0.118783 0.123067 0.131097 0.122999 0.149159 0.147172 0.132334 0.124507 0.138380
0.119545 0.279093 0.423677 0.649695 0.815398 0.835665 0.870272 0.880089 0.894612 0.905622 0.907795 0.885150 0.948794 0.869735 0.800489 0.638864 0.649836 0.667490 0.484114 0.182499 0.160251 0.177102 0.149833 0.207976 0.185800 0.153466 0.204230 0.174992 0.122559 0.138460 0.154927 0.162153 0.186325 0.182891 0.167507 0.169077 0.138130 0.172995 0.190257 0.228348 0.194730 0.189794 0.218199 0.240889 0.224799 0.207350 0.151975 0.172506 0.131787 0.124973 0.132525 0.124838 0.166941 0.185826 0.172924 0.189405
0.123086 0.180494 0.423272 0.726358 0.534153 0.570645 0.801576 0.872804 0.879629 0.884994 0.891352 0.898890 0.897022 0.867052 0.758870 0.629274 0.531435 0.627010 0.494916 0.243391 0.191536 0.180382 0.154777 0.178225 0.133094 0.129429 0.163232 0.151919 0.149204 0.167923 0.155996 0.166141 0.182674 0.156409 0.174540 0.200617 0.202284 0.181976 0.191993 0.249822 0.223098 0.174308 0.209634 0.232698 0.209167 0.221179 0.179291 0.171943 0.151778 0.184233 0.177889 0.168449 0.201801 0.221938 0.170360 0.154830
0.133593 0.210138 0.476307 0.787630 0.676409 0.606467 0.793695 0.875466 0.846380 0.851001 0.852863 0.872899 0.878663 0.849169 0.736246 0.569692 0.491995 0.640577 0.586510 0.404698 0.136218 0.155352 0.131326 0.143889 0.131680 0.135846 0.171904 0.139952 0.145608 0.205179 0.201208 0.199785 0.199716 0.225888 0.238868 0.245337 0.244880 0.235441 0.252988 0.236666 0.220894 0.195894 0.188198 0.195127 0.215321 0.292628 0.219446 0.161252 0.144809 0.148760 0.153837 0.159116 0.166345 0.153525 0.165232 0.124810
0.163632 0.224593 0.433854 0.634234 0.714238 0.885741 0.920981 0.805497 0.545276 0.702816 0.836376 0.871049 0.859227 0.836689 0.740805 0.498819 0.436160 0.620144 0.741946 0.435136 0.175719 0.145021 0.126164 0.151717 0.152621 0.141162 0.177153 0.199553 0.162186 0.220734 0.215929 0.211278 0.215265 0.214427 0.216025 0.213148 0.196648 0.200264 0.220738 0.228803 0.245540 0.242258 0.218533 0.219046 0.214797 0.283625 0.249067 0.231715 0.206766 0.167653 0.169885 0.171731 0.127170 0.152628 0.149080 0.185498
0.190734 0.196950 0.195941 0.311119 0.520277 0.857751 0.876530 0.808356 0.514938 0.416743 0.638310 0.861556 0.849383 0.818845 0.797984 0.562445 0.582558 0.718007 0.769633 0.594912 0.385009 0.219884 0.120249 0.165497 0.181278 0.149292 0.173714 0.174966 0.150323 0.196881 0.235254 0.250638 0.216618 0.151743 0.193310 0.191497 0.158383 0.177283 0.179248 0.210117 0.247441 0.243950 0.213860 0.218628 0.216059 0.235390 0.236351 0.266114 0.262725 0.258347 0.214219 0.233711 0.231125 0.241196 0.256591 0.237985
0.245364 0.193050 0.184109 0.296700 0.528949 0.804246 0.859937 0.833575 0.719057 0.558405 0.617183 0.800240 0.841476 0.836465 0.821154 0.724747 0.779137 0.790004 0.826788 0.595556 0.379623 0.209082 0.157864 0.179097 0.211536 0.184642 0.191479 0.135650 0.130090 0.183348 0.232707 0.222362 0.163887 0.143186 0.158739 0.184715 0.195284 0.228389 0.214442 0.186257 0.220263 0.175707 0.177854 0.216668 0.227546 0.225810 0.258237 0.255892 0.246022 0.244296 0.242917 0.245476 0.249948 0.248738 0.312041 0.315518
0.240045 0.456158 0.366907 0.380811 0.542101 0.724352 0.823243 0.863968 0.839480 0.811372 0.820550 0.829818 0.843801 0.857144 0.843153 0.784034 0.788007 0.816134 0.843423 0.751535 0.527395 0.253413 0.126579 0.148311 0.177543 0.189018 0.134227 0.211073 0.133528 0.181689 0.209397 0.192139 0.149909 0.165438 0.174313 0.206976 0.229478 0.204021 0.231606 0.205763 0.211438 0.230329 0.183045 0.229552 0.246036 0.226777 0.262652 0.249546 0.281149 0.284191 0.283357 0.278100 0.269103 0.277866 0.273128 0.286237
0.209605 0.399101 0.399878 0.316827 0.465021 0.652817 0.745614 0.817555 0.828604 0.799408 0.798675 0.819174 0.843822 0.821768 0.836557 0.816766 0.788072 0.805483 0.842615 0.868855 0.677835 0.461111 0.226127 0.153858 0.152524 0.182772 0.135979 0.157743 0.126342 0.145942 0.184623 0.151222 0.153327 0.205783 0.199112 0.226122 0.184223 0.150327 0.186830 0.198051 0.204920 0.202811 0.175343 0.237656 0.242734 0.231002 0.249508 0.216051 0.236666 0.269064 0.247989 0.244755 0.244832 0.228787 0.262921 0.261473
0.304690 0.500897 0.306637 0.273259 0.327399 0.441257 0.489434 0.563533 0.619161 0.694877 0.744071 0.771302 0.809343 0.815982 0.819480 0.801214 0.804429 0.836313 0.869018 0.871503 0.814593 0.584974 0.354598 0.166569 0.196942 0.145562 0.131518 0.126139 0.136151 0.154548 0.147254 0.131806 0.188659 0.218679 0.206724 0.250596 0.209746 0.190439 0.148477 0.202596 0.199771 0.155354 0.170744 0.252449 0.228568 0.224304 0.240867 0.275284 0.251040 0.274844 0.273309 0.252735 0.270760 0.261897 0.276890 0.299516
0.521189 0.393321 0.299879 0.277037 0.251058 0.347745 0.257932 0.310141 0.437010 0.590281 0.717036 0.757096 0.801736 0.830961 0.823393 0.820874 0.838516 0.856282 0.872258 0.883784 0.879298 0.777609 0.562838 0.274373 0.186055 0.122841 0.145163 0.166255 0.144369 0.133178 0.131089 0.115791 0.153274 0.219889 0.230670 0.223343 0.218022 0.223020 0.191686 0.164811 0.158065 0.172048 0.213561 0.214156 0.191777 0.192377 0.211283 0.227000 0.235797 0.266877 0.285159 0.308856 0.286495 0.263074 0.265901 0.302785
0.644925 0.457543 0.358913 0.394558 0.397450 0.456748 0.411170 0.426500 0.484142 0.662933 0.713247 0.750847 0.803841 0.828875 0.825892 0.828978 0.832856 0.860768 0.876656 0.889127 0.883954 0.851456 0.623357 0.389769 0.200644 0.163185 0.213271 0.214807 0.177861 0.142943 0.123303 0.131923 0.136261 0.171612 0.240695 0.232808 0.191241 0.216515 0.168276 0.139029 0.117502 0.163473 0.231702 0.217504 0.218420 0.219928 0.228248 0.223226 0.255956 0.255388 0.255859 0.289822 0.261486 0.265369 0.266898 0.272088
0.672994 0.699266 0.640817 0.625915 0.638649 0.657018 0.673045 0.666361 0.650937 0.703882 0.731844 0.744578 0.812699 0.815674 0.826868 0.832316 0.833407 0.851425 0.860814 0.883222 0.891909 0.859399 0.655146 0.461759 0.232325 0.153659 0.192971 0.170633 0.154521 0.163087 0.165756 0.147723 0.117842 0.161761 0.210597 0.201388 0.175131 0.210292 0.195060 0.200314 0.207330 0.226291 0.256791 0.242613 0.234800 0.204282 0.182972 0.194411 0.248707 0.273147 0.272765 0.249788 0.251097 0.251528 0.280336 0.265404
0.646306 0.680950 0.651396 0.656903 0.621033 0.602272 0.629162 0.663732 0.676361 0.712583 0.766396 0.807845 0.817222 0.826902 0.830103 0.839576 0.837301 0.843098 0.860170 0.873735 0.885507 0.879510 0.827066 0.580053 0.317920 0.211675 0.200215 0.150797 0.203314 0.196849 0.246022 0.186189 0.160355 0.178632 0.234684 0.214274 0.240989 0.281317 0.281367 0.264191 0.248158 0.250513 0.268270 0.273364 0.259989 0.222467 0.240057 0.206525 0.241181 0.254827 0.235921 0.260604 0.263083 0.283215 0.237538 0.276570
0.645875 0.690154 0.693650 0.683788 0.643576 0.625137 0.656068 0.704205 0.735346 0.757693 0.796337 0.834243 0.840063 0.840161 0.847497 0.845336 0.828199 0.839940 0.841904 0.857062 0.868379 0.873982 0.888840 0.742731 0.476928 0.362846 0.292006 0.257998 0.274247 0.296638 0.238746 0.271990 0.307135 0.274653 0.277018 0.291154 0.295472 0.300192 0.292441 0.293140 0.258611 0.254345 0.282340 0.280078 0.261677 0.263924 0.285837 0.240296 0.284943 0.283355 0.271518 0.250514 0.288930 0.325949 0.290747 0.262361
0.649145 0.699117 0.700821 0.689828 0.665924 0.660316 0.694987 0.747278 0.762946 0.796642 0.805091 0.825351 0.829124 0.831907 0.847089 0.850284 0.825680 0.832097 0.833031 0.851361 0.863508 0.876222 0.890382 0.861203 0.769555 0.594701 0.350946 0.292068 0.276039 0.290442 0.269799 0.282801 0.303358 0.288311 0.303912 0.271073 0.281334 0.296778 0.266106 0.300905 0.292914 0.252877 0.265423 0.281646 0.244634 0.265658 0.245419 0.224576 0.258540 0.257520 0.269337 0.263312 0.275382 0.243556 0.247372 0.280968
0.645913 0.699841 0.699138 0.696131 0.691349 0.696737 0.719638 0.753630 0.768209 0.795022 0.793687 0.794059 0.810056 0.826489 0.833957 0.841399 0.832872 0.828501 0.840356 0.862233 0.871130 0.878437 0.895167 0.904600 0.868315 0.716214 0.544042 0.501198 0.355273 0.309019 0.283319 0.229576 0.263269 0.256666 0.268353 0.290701 0.277950 0.289199 0.272428 0.287941 0.279734 0.301664 0.286432 0.315685 0.302496 0.298524 0.313387 0.273089 0.266567 0.260603 0.283472 0.276311 0.288218 0.282125 0.232051 0.298741
0.658592 0.705435 0.703333 0.711702 0.711447 0.718635 0.747310 0.773786 0.770324 0.757829 0.776453 0.782015 0.797261 0.820890 0.819490 0.833064 0.837519 0.836306 0.844874 0.873539 0.881393 0.882953 0.900853 0.903847 0.906832 0.884791 0.763207 0.689634 0.429916 0.307937 0.293378 0.264430 0.269375 0.264946 0.309116 0.313589 0.266039 0.252024 0.289299 0.296220 0.283844 0.315655 0.268551 0.264545 0.277082 0.271720 0.296887 0.295831 0.284148 0.257619 0.263241 0.264353 0.292834 0.246723 0.248519 0.278144
0.649328 0.707623 0.725507 0.732247 0.739851 0.740611 0.749805 0.761511 0.751464 0.753525 0.764542 0.793737 0.818205 0.813970 0.818163 0.827107 0.833521 0.840343 0.855979 0.862500 0.879043 0.883318 0.898269 0.901867 0.903467 0.906396 0.892029 0.727376 0.648642 0.542485 0.317918 0.314973 0.313997 0.297775 0.337982 0.304808 0.246513 0.238293 0.231337 0.246846 0.252589 0.280921 0.318482 0.279477 0.224148 0.249332 0.269800 0.265021 0.245736 0.262672 0.259822 0.231510 0.269524 0.267744 0.252199 0.253948
0.649333 0.693387 0.690437 0.726940 0.752087 0.737372 0.744484 0.748092 0.736693 0.746846 0.770044 0.796366 0.802219 0.817327 0.831613 0.835159 0.849120 0.852090 0.849846 0.864627 0.882313 0.885017 0.887058 0.892721 0.894672 0.900590 0.907584 0.893194 0.892738 0.696210 0.473357 0.281364 0.285145 0.311991 0.334986 0.269935 0.249411 0.232370 0.244244 0.254850 0.294780 0.272483 0.247551 0.232268 0.232307 0.236632 0.248994 0.260556 0.265907 0.270827 0.257463 0.253410 0.233011 0.272968 0.298523 0.253142
0.647925 0.688299 0.675804 0.708281 0.720986 0.728638 0.742474 0.742433 0.759080 0.775495 0.780643 0.809195 0.812511 0.833080 0.843285 0.844669 0.853136 0.849250 0.845159 0.853224 0.870488 0.883105 0.892488 0.893554 0.892353 0.897457 0.904377 0.900682 0.885260 0.789532 0.654449 0.457327 0.269391 0.273332 0.300374 0.304460 0.294918 0.254664 0.271278 0.267158 0.276765 0.289783 0.287372 0.294999 0.227721 0.220879 0.254510 0.277759 0.292522 0.275338 0.292385 0.291603 0.272626 0.296403 0.315039 0.299535
0.659132 0.721940 0.715700 0.716545 0.731346 0.741879 0.742426 0.745898 0.766567 0.787360 0.783056 0.805603 0.825525 0.835732 0.835705 0.838865 0.851475 0.840692 0.830935 0.852657 0.863726 0.880632 0.882656 0.881815 0.883641 0.898541 0.903345 0.911886 0.914327 0.897541 0.863775 0.617225 0.309012 0.249361 0.275624 0.312266 0.316678 0.285168 0.304930 0.282091 0.254839 0.279951 0.261029 0.280593 0.244155 0.214330 0.226068 0.244486 0.306823 0.266574 0.296562 0.260744 0.297774 0.311237 0.279814 0.295838
0.670056 0.728446 0.720114 0.727153 0.754671 0.751476 0.749838 0.764632 0.753971 0.761295 0.783816 0.806039 0.817002 0.830942 0.813419 0.836748 0.829598 0.814425 0.833021 0.853315 0.864122 0.866441 0.878741 0.872753 0.881515 0.898224 0.902990 0.909668 0.911776 0.915080 0.915698 0.755233 0.519462 0.248894 0.233152 0.258141 0.262270 0.268697 0.290157 0.283395 0.278265 0.264278 0.273044 0.260788 0.254556 0.228123 0.223886 0.303242 0.303213 0.296143 0.295387 0.262103 0.278781 0.274935 0.250126 0.260678
0.662739 0.716345 0.713213 0.722108 0.755480 0.762162 0.763547 0.772376 0.744780 0.760045 0.778239 0.798125 0.803972 0.810118 0.799058 0.827299 0.796100 0.789307 0.839841 0.857113 0.857436 0.869020 0.874833 0.873572 0.889238 0.900370 0.901738 0.905641 0.909851 0.914740 0.917315 0.881431 0.666615 0.415090 0.181341 0.210251 0.243368 0.222540 0.241559 0.272730 0.283556 0.277697 0.281857 0.275272 0.277304 0.265528 0.253303 0.295053 0.265867 0.295989 0.261915 0.248634 0.291308 0.284802 0.285916 0.270708
0.651406 0.695570 0.692569 0.712614 0.736124 0.754870 0.761590 0.756872 0.758287 0.761142 0.770020 0.769365 0.781729 0.797261 0.805831 0.781298 0.776454 0.790445 0.799201 0.827562 0.845530 0.867509 0.877816 0.866152 0.889354 0.901518 0.901717 0.901689 0.907109 0.907673 0.915530 0.893989 0.747684 0.586331 0.302164 0.230273 0.305863 0.280684 0.250838 0.268624 0.302258 0.285400 0.271884 0.297234 0.311218 0.278132 0.264184 0.284160 0.269488 0.297499 0.266205 0.279497 0.287405 0.318722 0.308692 0.262804
0.626988 0.667387 0.688074 0.698847 0.725067 0.714394 0.701765 0.729342 0.748440 0.750012 0.754761 0.742172 0.754896 0.772636 0.783708 0.766735 0.762408 0.761779 0.754488 0.786579 0.833057 0.851245 0.864432 0.858831 0.884558 0.896273 0.897790 0.892631 0.893659 0.900812 0.907142 0.901502 0.861320 0.732560 0.579830 0.261190 0.273866 0.259645 0.278360 0.276190 0.269182 0.295638 0.265093 0.249872 0.297794 0.322468 0.306595 0.277240 0.239737 0.278622 0.288416 0.305909 0.268904 0.286442 0.280607 0.283371
0.609211 0.663225 0.663874 0.689188 0.707034 0.685845 0.676819 0.724207 0.724061 0.717923 0.725584 0.721847 0.731932 0.757434 0.756200 0.745022 0.745987 0.737494 0.763312 0.784246 0.823402 0.843240 0.858633 0.866352 0.885297 0.889459 0.892861 0.886910 0.894591 0.897949 0.905751 0.910104 0.892573 0.859771 0.639319 0.313713 0.255936 0.280331 0.267198 0.285405 0.301774 0.271927 0.236224 0.246701 0.296990 0.283176 0.279374 0.269724 0.255043 0.285542 0.253271 0.301151 0.293310 0.251356 0.249705 0.295236
0.594036 0.631442 0.630613 0.667835 0.688765 0.676464 0.680222 0.698081 0.697292 0.693040 0.695387 0.705400 0.738005 0.738205 0.740954 0.748710 0.730559 0.752917 0.786269 0.813087 0.835569 0.856762 0.860984 0.869109 0.875910 0.881395 0.881558 0.880782 0.892922 0.899864 0.905734 0.908113 0.903883 0.875380 0.660277 0.402800 0.264165 0.279768 0.268581 0.250198 0.257097 0.263237 0.254191 0.283208 0.300216 0.263858 0.279143 0.261762 0.317821 0.303728 0.260954 0.285642 0.267074 0.219468 0.211229 0.268677
0.577418 0.616304 0.626872 0.640524 0.660008 0.646187 0.655546 0.670176 0.667153 0.679798 0.703420 0.708987 0.730748 0.732755 0.733992 0.727960 0.721245 0.756281 0.797856 0.830674 0.837113 0.852082 0.857142 0.867088 0.862061 0.874873 0.873198 0.879945 0.893369 0.899518 0.905981 0.905697 0.907308 0.899651 0.754282 0.600031 0.296871 0.267440 0.239793 0.220104 0.236271 0.277703 0.224665 0.253133 0.270522 0.279167 0.276556 0.300692 0.304181 0.239858 0.271746 0.328622 0.271648 0.285941 0.243828 0.266117
0.559829 0.583912 0.594329 0.605886 0.612326 0.602431 0.619132 0.642124 0.653592 0.682433 0.699069 0.698888 0.711406 0.717410 0.739615 0.723759 0.715755 0.774011 0.809537 0.830131 0.836516 0.825037 0.833916 0.856094 0.850265 0.856912 0.862331 0.873233 0.892385 0.897353 0.905452 0.904693 0.906960 0.910513 0.825109 0.675825 0.484729 0.246407 0.224318 0.286194 0.290570 0.277709 0.238716 0.297185 0.271764 0.276956 0.289726 0.269355 0.279389 0.264408 0.251435 0.236863 0.242475 0.221980 0.233394 0.273500
0.493038 0.540193 0.586702 0.594830 0.596339 0.590026 0.605130 0.635235 0.644103 0.679133 0.666117 0.677302 0.709187 0.714478 0.680836 0.668974 0.700878 0.783447 0.819238 0.823021 0.830726 0.802008 0.814529 0.838790 0.839136 0.849165 0.857524 0.867482 0.885294 0.893106 0.903394 0.902714 0.905015 0.913607 0.901343 0.784076 0.530424 0.310199 0.292378 0.329420 0.264461 0.254776 0.306895 0.292524 0.272925 0.221352 0.208296 0.263953 0.321334 0.308417 0.244197 0.237860 0.250091 0.252322 0.248587 0.303135
0.394841 0.421486 0.492834 0.538844 0.578954 0.590504 0.597633 0.621584 0.635181 0.644103 0.660367 0.681681 0.702546 0.687788 0.657049 0.663354 0.708067 0.767936 0.800481 0.797956 0.806372 0.786597 0.795474 0.825918 0.843049 0.846184 0.844746 0.861575 0.873697 0.888410 0.897633 0.902528 0.904169 0.912526 0.910849 0.883741 0.633118 0.394320 0.302685 0.329931 0.338298 0.350654 0.295511 0.312771 0.289877 0.226714 0.243664 0.349458 0.304057 0.261275 0.224351 0.256377 0.303326 0.268510 0.249773 0.264671
0.264668 0.285547 0.346767 0.458262 0.563666 0.584044 0.577245 0.581773 0.605909 0.621029 0.645865 0.684027 0.682095 0.673756 0.678172 0.702185 0.726615 0.754826 0.787423 0.775939 0.800716 0.795058 0.787410 0.833445 0.845443 0.836591 0.836199 0.848466 0.873997 0.883129 0.890627 0.894379 0.901526 0.906061 0.908514 0.917048 0.708892 0.588612 0.436663 0.392497 0.320194 0.390223 0.433427 0.358541 0.347661 0.290284 0.285343 0.330566 0.293937 0.296864 0.263765 0.274919 0.305934 0.230073 0.285082 0.253687
0.245366 0.210293 0.253403 0.393427 0.509005 0.539021 0.537077 0.552829 0.588469 0.602552 0.637919 0.661999 0.671766 0.656540 0.689939 0.698353 0.720865 0.740839 0.752661 0.762422 0.784297 0.784734 0.802216 0.814865 0.833995 0.847555 0.844163 0.851574 0.871125 0.874586 0.889600 0.889678 0.901550 0.907517 0.910010 0.914161 0.901611 0.723947 0.664998 0.495214 0.483127 0.481108 0.518649 0.329993 0.340802 0.360949 0.400930 0.432124 0.453637 0.530820 0.382274 0.339225 0.368867 0.372070 0.261047 0.232579
0.202762 0.174879 0.248496 0.322001 0.414589 0.488383 0.524488 0.552805 0.559910 0.560635 0.590828 0.615275 0.640847 0.647688 0.660157 0.688678 0.708412 0.720563 0.736934 0.744627 0.764929 0.782278 0.818359 0.805237 0.819187 0.840703 0.846864 0.856130 0.855974 0.869204 0.881126 0.884513 0.897943 0.908787 0.913163 0.915202 0.913812 0.915355 0.831766 0.726700 0.595915 0.612704 0.578698 0.350452 0.327410 0.435823 0.579525 0.605423 0.614309 0.609459 0.498744 0.481135 0.480102 0.377274 0.272876 0.280839
0.232209 0.216024 0.217690 0.246519 0.325066 0.455424 0.556601 0.562851 0.547366 0.546571 0.557693 0.551184 0.572336 0.635210 0.661144 0.681170 0.686418 0.711447 0.718658 0.721454 0.755634 0.780215 0.797466 0.809469 0.818232 0.830634 0.841176 0.860908 0.860877 0.862376 0.872553 0.890054 0.905434 0.908562 0.913459 0.916514 0.918378 0.915551 0.906128 0.870280 0.751396 0.663233 0.616465 0.524539 0.374444 0.487571 0.719355 0.752739 0.765910 0.662083 0.683896 0.647557 0.572834 0.505056 0.487125 0.424961
0.151721 0.164829 0.173204 0.200408 0.276429 0.392142 0.556385 0.576474 0.538837 0.495609 0.486912 0.473257 0.502805 0.568268 0.638421 0.662604 0.669690 0.690542 0.702719 0.724684 0.743367 0.778659 0.798904 0.817052 0.827120 0.831758 0.848158 0.869206 0.876834 0.875589 0.875276 0.895188 0.894806 0.901388 0.912935 0.908301 0.916803 0.913019 0.903541 0.905278 0.870626 0.824156 0.793060 0.589984 0.485523 0.669647 0.818171 0.831689 0.813000 0.796054 0.790018 0.719097 0.693189 0.717253 0.621737 0.470046
0.161580 0.158325 0.156383 0.185461 0.241587 0.350178 0.549194 0.580205 0.521844 0.476113 0.455560 0.432541 0.433254 0.494874 0.589060 0.640161 0.657717 0.683263 0.700068 0.722309 0.739531 0.774762 0.819846 0.837699 0.846477 0.855172 0.858293 0.865071 0.872262 0.885378 0.887592 0.885875 0.884632 0.894879 0.908351 0.910094 0.912639 0.908732 0.899528 0.887255 0.880074 0.849978 0.849554 0.701268 0.700770 0.798497 0.859010 0.852359 0.843369 0.844737 0.849432 0.828926 0.788467 0.721480 0.664643 0.579186
0.159229 0.170311 0.152998 0.205735 0.232444 0.287892 0.512599 0.587868 0.519218 0.503677 0.474824 0.455622 0.429413 0.474910 0.554426 0.608243 0.627343 0.650831 0.682508 0.708132 0.736228 0.760510 0.779198 0.794301 0.814188 0.819742 0.832829 0.850705 0.861033 0.881373 0.882893 0.869857 0.870835 0.894885 0.901520 0.901955 0.905584 0.905878 0.910261 0.898633 0.880724 0.879532 0.868517 0.829949 0.823821 0.847722 0.864174 0.864981 0.861721 0.861479 0.855323 0.848228 0.834669 0.812299 0.754645 0.642418
0.179096 0.198234 0.186937 0.220991 0.200244 0.275615 0.487738 0.574169 0.540183 0.525720 0.520691 0.493429 0.452593 0.471262 0.544145 0.571983 0.602556 0.641759 0.655464 0.680291 0.700376 0.713999 0.715487 0.744028 0.768265 0.765525 0.792982 0.810606 0.822839 0.833054 0.855443 0.867482 0.869672 0.873220 0.887779 0.887468 0.900742 0.911988 0.904651 0.892837 0.878275 0.867173 0.862209 0.863022 0.860699 0.859675 0.859081 0.862113 0.862567 0.863582 0.862074 0.859280 0.849330 0.824593 0.796696 0.689792
0.170219 0.170114 0.176999 0.199992 0.143782 0.245528 0.480397 0.551741 0.540731 0.536267 0.557978 0.522801 0.464715 0.479076 0.521595 0.545202 0.578463 0.590925 0.610538 0.633629 0.648584 0.662235 0.709837 0.728318 0.751116 0.783689 0.786395 0.813078 0.808642 0.805687 0.833872 0.865440 0.858552 0.854776 0.857526 0.867124 0.884345 0.901353 0.905184 0.903091 0.893354 0.857586 0.860441 0.868468 0.857602 0.855491 0.854187 0.859652 0.864066 0.870037 0.869734 0.865675 0.855444 0.824839 0.806846 0.723547
0.200822 0.184922 0.196602 0.195765 0.145145 0.297597 0.509057 0.537855 0.526875 0.533813 0.562621 0.527621 0.448334 0.444115 0.492727 0.507501 0.495678 0.529359 0.560488 0.569637 0.618645 0.647492 0.685888 0.726902 0.747721 0.784940 0.798016 0.802194 0.802812 0.809270 0.827795 0.843278 0.848561 0.853082 0.851598 0.847563 0.867682 0.882718 0.884482 0.886403 0.897653 0.873696 0.864396 0.852689 0.846342 0.856485 0.849948 0.853924 0.863106 0.860677 0.863831 0.864875 0.863219 0.855255 0.833808 0.755982
0.175514 0.200192 0.222333 0.217953 0.116895 0.215927 0.564920 0.531604 0.529994 0.531941 0.540424 0.508055 0.414799 0.403993 0.460015 0.446810 0.451903 0.494581 0.513170 0.572397 0.618998 0.648758 0.690407 0.725917 0.753399 0.763706 0.778116 0.777797 0.785108 0.794390 0.809029 0.831755 0.840248 0.851314 0.855320 0.845086 0.857390 0.873663 0.862078 0.863661 0.868285 0.868426 0.853858 0.828318 0.831270 0.849210 0.844115 0.846366 0.848378 0.847941 0.851556 0.848659 0.850540 0.856992 0.848030 0.777163
0.187371 0.200875 0.238908 0.224343 0.115705 0.278439 0.578169 0.536935 0.537606 0.526373 0.501112 0.477596 0.391113 0.368319 0.352523 0.358088 0.436903 0.470112 0.485135 0.538628 0.598103 0.650200 0.688731 0.694728 0.699628 0.708074 0.734396 0.758338 0.766856 0.771927 0.792442 0.818344 0.826166 0.842609 0.848392 0.841711 0.835197 0.855526 0.852944 0.841119 0.842802 0.829838 0.823152 0.800056 0.807537 0.823596 0.826469 0.828714 0.832359 0.838853 0.844000 0.838926 0.841199 0.845478 0.836499 0.781626
0.229421 0.192798 0.174825 0.211498 0.142594 0.211473 0.534563 0.554740 0.527490 0.490711 0.452228 0.440329 0.358899 0.256450 0.241537 0.335702 0.417594 0.427147 0.429806 0.487619 0.573461 0.639554 0.604072 0.599286 0.593672 0.646840 0.687124 0.704199 0.734428 0.753685 0.766408 0.787999 0.801926 0.825918 0.837015 0.834281 0.824668 0.832902 0.838724 0.824737 0.786837 0.748927 0.763903 0.769365 0.781863 0.786408 0.798698 0.798790 0.812009 0.824928 0.827200 0.827788 0.828093 0.837754 0.832617 0.772215
0.230805 0.193851 0.154301 0.198520 0.181038 0.289229 0.512345 0.520810 0.486446 0.465081 0.382681 0.341141 0.334110 0.226905 0.224251 0.297603 0.324491 0.336948 0.381921 0.453962 0.551622 0.571911 0.524409 0.519295 0.552721 0.604626 0.622856 0.657563 0.701568 0.742675 0.729752 0.740504 0.772149 0.785214 0.809962 0.823061 0.829240 0.826305 0.827367 0.789638 0.733208 0.674519 0.725304 0.713789 0.738160 0.741271 0.741755 0.766100 0.774022 0.777916 0.783161 0.792804 0.797763 0.812444 0.816390 0.766563
0.167529 0.174636 0.170728 0.191162 0.160470 0.254376 0.363262 0.426637 0.326118 0.284335 0.253881 0.210511 0.250866 0.224953 0.195340 0.246690 0.239510 0.263661 0.339594 0.427462 0.538952 0.524720 0.472352 0.479755 0.506466 0.544664 0.582075 0.596082 0.652106 0.703676 0.702128 0.712660 0.734378 0.750664 0.780087 0.800639 0.829327 0.819976 0.809026 0.794175 0.750184 0.730801 0.719940 0.686079 0.626367 0.647025 0.687567 0.702342 0.696491 0.713535 0.727305 0.745192 0.760773 0.763112 0.766518 0.752579
0.188551 0.287668 0.229902 0.233837 0.253994 0.155149 0.197482 0.317030 0.221788 0.228467 0.192812 0.165909 0.194303 0.195045 0.189706 0.234105 0.231387 0.242088 0.302648 0.440111 0.484540 0.448647 0.440173 0.452485 0.486707 0.500755 0.446886 0.495802 0.636172 0.698809 0.708839 0.734905 0.747674 0.741264 0.763545 0.795552 0.818499 0.802220 0.803715 0.790086 0.766244 0.745577 0.709933 0.664788 0.587186 0.602347 0.620693 0.619567 0.631680 0.625843 0.623541 0.673724 0.701462 0.668391 0.674585 0.704658
0.225669 0.271720 0.242570 0.249744 0.306375 0.236074 0.269747 0.203143 0.177757 0.205351 0.255847 0.196515 0.201344 0.165016 0.178138 0.217381 0.225438 0.235332 0.286406 0.334779 0.356353 0.318622 0.308874 0.366509 0.426686 0.461637 0.416290 0.525891 0.607712 0.676568 0.716646 0.753900 0.751926 0.768660 0.769434 0.766634 0.765293 0.762670 0.769190 0.747318 0.669519 0.646806 0.603076 0.559726 0.514158 0.463087 0.441826 0.474328 0.490510 0.483023 0.502981 0.551315 0.603174 0.575214 0.583348 0.568645
0.253375 0.237808 0.233299 0.262221 0.272461 0.232962 0.197626 0.259366 0.249189 0.188739 0.304913 0.150040 0.181636 0.171153 0.193648 0.201200 0.203585 0.231415 0.244856 0.213716 0.238959 0.256242 0.361772 0.422541 0.418622 0.350847 0.386610 0.522778 0.594735 0.654168 0.660515 0.696919 0.713569 0.739773 0.735186 0.717219 0.707747 0.708300 0.590671 0.502834 0.472624 0.393075 0.424570 0.373064 0.354685 0.304585 0.271552 0.280917 0.297878 0.335372 0.365937 0.368192 0.351963 0.328900 0.344063 0.396399
0.293085 0.216926 0.212351 0.255012 0.265797 0.185540 0.206581 0.284101 0.241095 0.307092 0.288389 0.174481 0.243846 0.260684 0.210592 0.173650 0.194233 0.181687 0.262387 0.175236 0.343284 0.323160 0.462567 0.514786 0.392718 0.315608 0.330541 0.440029 0.515280 0.555966 0.559477 0.559272 0.590348 0.652527 0.591376 0.574786 0.562709 0.517433 0.368892 0.268063 0.190869 0.179514 0.277278 0.275131 0.264446 0.203997 0.201849 0.212352 0.209254 0.245452 0.213455 0.212319 0.296288 0.232856 0.217613 0.245683
0.227160 0.193459 0.286186 0.295536 0.281740 0.182156 0.285574 0.212700 0.203002 0.271895 0.317509 0.230010 0.236982 0.259123 0.232835 0.126018 0.168607 0.160892 0.326510 0.233246 0.408784 0.436490 0.454752 0.344071 0.293789 0.283780 0.288751 0.346705 0.403264 0.400632 0.374184 0.387461 0.463938 0.555002 0.416580 0.356800 0.309985 0.240956 0.203745 0.139814 0.185590 0.204631 0.214240 0.201957 0.165845 0.210645 0.202497 0.238096 0.212756 0.265886 0.233056 0.155188 0.290653 0.274701 0.210319 0.225962
