1.133028 1.113611 1.118531 1.115034 1.103638 1.090359 0.814823 0.164311 0.287497 1.117417 1.552966 1.103335 1.123297 1.146398 1.047320 0.891130 0.891130 0.853286 0.873854 0.873854 0.914403 1.078678 1.239135 1.110495 0.881343 0.847877 0.846469 0.859680 0.819090 0.879044 1.060511 1.060511 0.942398 1.027149 1.090862 1.129125 1.235908 1.235908 0.957226 1.184433 1.184433 1.117619 1.118566 1.103550 1.095208 0.992728 1.115624 1.115624 1.076355 1.248592 1.268207 1.268207 1.115915 1.158467 1.158467 1.107028
0.308076 0.311546 0.302589 0.305192 0.312592 0.575249 0.657665 0.457729 0.311316 0.311316 1.163388 1.163388 0.703127 0.533816 0.616456 0.461104 0.461104 0.434539 0.344323 0.382466 0.535184 0.611293 0.607734 0.726106 0.431121 0.381457 0.381457 0.329794 0.338377 0.458344 0.534834 0.534834 0.432976 0.388118 0.649649 0.649649 0.355000 0.510368 0.510368 0.446258 0.435664 0.381961 0.320975 0.322854 0.429811 0.429811 0.344667 0.490316 0.394719 0.385182 0.366078 0.485659 0.463048 0.429180 0.319985 0.357138
0.308076 0.360928 0.366922 0.511629 0.631925 0.723935 0.657665 0.457729 0.311316 0.311316 0.126974 0.841353 0.821175 0.473641 0.397464 0.357937 0.434539 0.434539 0.426229 0.465237 0.386776 0.320034 0.596136 0.726106 0.648681 0.544782 0.377053 0.334259 0.334259 0.243304 0.534834 0.631092 0.631092 0.423084 0.317739 0.580945 0.504674 0.374337 0.462524 0.520500 0.381961 0.381961 0.323156 0.345700 0.429811 0.463684 0.398763 0.317509 0.373410 0.665041 0.665041 0.366078 0.429180 0.429180 0.397485 0.328594
0.301984 0.360928 0.380351 0.929335 0.929335 0.723935 0.542240 0.297152 0.297152 0.190262 0.126974 0.584751 1.508201 1.406108 0.459575 0.637101 0.637101 0.977263 1.494707 0.947885 0.439953 0.320034 0.404872 0.551060 0.544782 0.544782 0.377053 0.334259 0.334259 0.347350 0.349805 0.313723 0.313723 0.431282 0.401950 0.642067 0.642067 0.374337 0.462524 0.589974 0.589974 0.386306 0.394528 0.394528 0.363620 0.427917 0.398763 0.280400 0.289159 0.665041 0.665041 0.503277 0.434140 0.367148 0.367148 0.369940
0.350227 0.539285 0.904773 0.588427 0.304640 0.169329 0.125112 0.125317 0.120228 0.126686 0.132117 0.138591 1.508201 1.870761 1.567191 0.845537 0.637101 0.599475 1.494707 0.947885 0.511778 0.511778 0.404872 0.551060 0.520859 0.333768 0.349680 0.352395 0.390872 0.369462 0.430192 0.475509 0.350872 0.431282 0.401950 0.642067 0.642067 0.551574 0.456079 0.373241 0.386306 0.386306 0.394528 0.394528 0.611104 0.611104 0.427786 0.542294 0.542294 0.373647 0.452451 0.493828 0.434140 0.386957 0.414688 0.449615
0.355675 0.368397 0.368397 0.588427 0.304640 0.171472 0.157826 0.133657 0.126261 0.123875 0.132117 0.138591 0.127066 0.141626 0.557773 0.207927 0.333137 0.333137 0.273677 0.281152 0.385462 0.423238 0.350326 0.285708 0.434969 0.325091 0.332994 0.307864 0.369462 0.369462 0.398351 0.475509 0.462598 0.444925 0.510676 0.510676 0.409575 0.551574 0.594527 0.594527 0.717247 0.611898 0.376963 0.333585 0.611104 0.611104 0.450180 0.542294 0.542294 0.447330 0.447330 0.542288 0.542288 0.372958 0.342642 0.380265
0.355675 0.496119 0.496119 0.357835 1.248640 1.248640 0.758621 0.230882 0.194527 0.153316 0.150609 0.150609 0.147132 0.194784 0.277340 0.435858 0.435858 0.265022 0.536736 0.568199 0.314258 0.321073 0.439579 0.414986 0.313953 0.358053 0.332994 0.309873 0.341361 0.492086 0.492086 0.360617 0.286831 0.313979 0.325498 0.443358 0.409575 0.423172 0.594527 0.693812 0.592170 0.611898 0.433098 0.433098 0.418556 0.481398 0.481398 0.582709 0.414279 0.305332 0.394732 0.542288 0.542288 0.424804 0.542092 0.542092
0.339809 0.496119 0.496119 0.357835 1.248640 1.248640 0.758621 0.230882 0.194527 0.153316 0.152857 0.150609 0.147132 0.194784 0.352224 0.577692 0.435858 0.277933 0.536736 0.784321 0.784321 0.436276 0.381311 0.381311 0.313953 0.360890 0.405158 0.546737 0.422903 0.483205 0.429041 0.331653 0.331653 0.303306 0.291708 0.279044 0.283105 0.334171 0.369239 0.405505 0.477649 0.477649 0.467028 0.441325 0.457013 0.481398 0.481398 0.391359 0.440553 0.407930 0.440545 0.451609 0.451609 0.422070 0.422070 0.508936
0.286689 0.834155 0.834155 0.771398 0.340033 0.131091 0.151743 0.785870 0.785870 0.624333 0.179277 0.180012 0.153626 0.155150 0.352224 0.600685 0.600685 0.439058 0.292205 0.784321 0.784321 0.693301 0.347740 0.352780 0.466068 0.345943 0.318462 0.422903 0.422903 0.429041 0.429041 0.472225 0.472225 0.346249 0.610092 0.793904 0.547817 0.517601 0.369239 0.369239 0.435309 0.464613 0.467028 0.538453 0.457013 0.430076 0.382432 0.607876 0.407930 0.496854 0.435988 0.489118 0.489118 0.417129 0.401236 0.360554
0.231889 0.834155 0.834155 0.771398 0.706984 0.145823 0.230036 0.785870 1.550089 2.108902 2.108902 0.220490 0.220490 0.191537 0.210161 0.600685 0.600685 0.439058 0.292205 1.074544 1.074544 0.693301 0.596077 0.370005 0.466068 0.372114 0.360743 0.340066 0.302868 0.316648 0.309750 0.337517 0.425899 0.422983 0.610092 0.793904 0.640384 0.640384 0.584923 0.584923 0.453036 0.417868 0.467923 0.498724 0.433297 0.400312 0.523100 0.365095 0.389560 0.483270 0.483270 0.540428 0.422603 0.337259 0.398027 0.398027
0.458870 0.402760 0.497697 0.706984 0.706984 0.248692 0.230036 0.230036 0.925838 2.108902 2.108902 0.702463 0.230406 0.191537 0.256450 0.256450 0.442291 0.344567 0.181956 1.074544 1.074544 0.731526 0.344438 0.433851 0.290205 0.360743 0.371231 0.393670 0.427842 0.427842 0.368467 0.411984 0.411984 0.456032 0.456032 0.385403 0.640384 0.640384 0.584923 0.584923 0.356652 0.436470 0.467923 0.498724 0.433297 0.355276 0.353806 0.366603 0.404060 0.483270 0.483270 0.540428 0.480160 0.480160 0.374506 0.364200
0.458870 0.571197 0.925972 0.403934 0.236448 0.209351 0.129238 0.220394 0.220394 0.137177 0.311917 0.379331 0.300996 0.226949 0.143007 0.242063 0.268518 0.268518 0.218771 0.354547 0.982040 1.098633 0.688654 0.555190 0.555190 0.387572 0.507203 0.444246 0.427842 0.428100 0.325764 0.398509 0.505022 0.509203 0.638118 0.558904 0.557555 0.346218 0.401531 0.425392 0.356652 0.320320 0.332122 0.280773 0.342482 0.415766 0.511869 0.594515 0.485568 0.346040 0.499014 0.499014 0.428821 0.428821 0.374506 0.321216
0.405682 0.498923 0.882621 1.117911 0.841913 0.111653 0.095715 0.220394 0.220394 0.175611 0.117104 0.183276 0.183276 0.249399 0.249533 0.242063 0.268518 0.268518 0.218771 0.148769 0.689100 1.098633 0.807505 0.406581 0.434233 0.387572 0.507203 0.483009 0.512240 0.512240 0.325764 0.305370 0.505022 0.509203 0.391142 0.347519 0.347519 0.461273 0.461273 0.401531 0.477101 0.588698 0.554427 0.367900 0.431397 0.407409 0.475571 0.594515 0.485568 0.392770 0.499014 0.499014 0.428821 0.431776 0.429511 0.438083
0.581993 0.498923 0.882621 1.117911 1.214383 1.307428 1.307428 1.071079 0.838598 0.248080 0.248080 0.143725 0.190566 0.249399 0.276905 0.199079 0.242960 0.242960 0.183854 0.148769 0.132001 0.807505 0.807505 0.627832 0.422333 0.409524 0.404641 0.409024 0.512240 0.512240 0.493060 0.447925 0.447925 0.267850 0.373638 0.373638 0.402079 0.461273 0.461273 0.358029 0.425565 0.588698 0.554427 0.371209 0.309860 0.357525 0.301711 0.360077 0.334636 0.445825 0.468571 0.468571 0.379505 0.377957 0.473403 0.473403
1.410684 1.553739 1.465389 0.528224 1.210591 1.307428 1.307428 1.071079 0.940082 0.628123 0.294660 0.255036 0.225427 0.162205 0.191660 0.191660 0.173859 0.183854 0.183854 0.153861 0.151008 0.121103 0.794908 0.960870 0.632932 0.396934 0.404641 0.536532 0.536532 0.448988 0.350737 0.447925 0.467954 0.308287 0.283776 0.315569 0.289109 0.326197 0.383884 0.560611 0.560611 0.346788 0.520259 0.409483 0.352473 0.358835 0.354433 0.310380 0.377289 0.523330 0.594644 0.451360 0.387732 0.442266 0.444388 0.325767
0.302255 1.553739 1.465389 0.858214 1.210591 1.210591 0.608526 0.535313 0.628084 0.628084 0.652673 0.456332 0.219448 0.192961 0.191660 0.191660 0.188907 0.189518 0.144234 0.151008 0.162265 0.154839 0.340396 0.960870 0.859750 0.348201 0.268309 0.383182 0.448988 0.448988 0.350737 0.320429 0.521463 0.521463 0.283776 0.315569 0.289109 0.415690 0.415690 0.560611 0.560611 0.439680 0.373683 0.373683 0.352473 0.358835 0.294929 0.263367 0.377289 0.523330 0.594644 0.489618 0.389001 0.262692 0.329432 0.329432
0.213567 0.201607 0.201607 0.277687 0.328888 0.357431 0.392530 0.341936 0.341936 0.506305 0.652673 0.456332 0.227800 0.225929 0.210313 0.175146 0.188907 0.189518 0.184153 0.168369 0.141903 0.141903 0.267070 0.509600 0.583178 0.447211 0.352775 0.383182 0.363925 0.304401 0.344448 0.421073 0.521463 0.594137 0.562960 0.501464 0.311928 0.302070 0.374959 0.412990 0.400275 0.509217 0.509217 0.307688 0.433515 0.433515 0.528650 0.478525 0.471219 0.325280 0.404920 0.404920 0.394938 0.394938 0.370685 0.443462
0.213567 0.201607 0.201607 0.208744 0.323823 0.323823 0.295303 0.295303 0.341255 0.481829 0.421618 0.233765 0.227800 0.157407 0.193392 0.175347 0.173910 0.183619 0.160891 0.168369 0.154843 0.131111 0.120424 0.642617 0.642617 0.470134 0.675943 0.632603 0.453384 0.432286 0.331300 0.421073 0.453766 0.562960 0.562960 0.501464 0.374483 0.439199 0.466862 0.414571 0.329053 0.304804 0.319283 0.295644 0.359471 0.420111 0.528650 0.478525 0.552423 0.523481 0.413740 0.404920 0.394700 0.370685 0.434715 0.443462
0.201017 0.187365 0.179437 0.185730 0.323823 0.323823 0.295303 0.295303 0.190175 0.249434 0.258148 0.159650 0.165520 0.155337 0.142442 0.165338 0.192170 0.183619 0.180612 0.150947 0.154771 0.147182 0.147182 0.642617 0.823259 0.991424 0.642875 0.411775 0.320186 0.369769 0.363509 0.294393 0.384729 0.392122 0.333424 0.399514 0.399514 0.511868 0.592561 0.547695 0.460461 0.407474 0.480218 0.512095 0.512095 0.344977 0.359683 0.359683 0.352561 0.437303 0.482423 0.482423 0.330027 0.339730 0.434715 0.406111
0.221391 0.201854 0.204592 0.202603 0.188155 0.222362 0.222362 0.190175 0.201950 0.188172 0.203203 0.180409 0.143936 0.164612 0.182903 0.182903 0.214373 0.214373 0.176701 0.212079 0.193246 0.148740 0.148740 0.133766 0.823259 0.991424 0.908684 0.580976 0.506283 0.369769 0.363509 0.367632 0.325877 0.365974 0.365974 0.399514 0.399514 0.511868 0.592561 0.547695 0.330587 0.337347 0.480218 0.512095 0.512095 0.431549 0.431549 0.463002 0.352561 0.404678 0.482423 0.482423 0.365739 0.419591 0.419591 0.349938
0.262322 0.262322 0.207094 0.186912 0.160412 0.179363 0.208674 0.208674 0.194941 0.188172 0.203203 0.208100 0.195622 0.143476 0.182903 0.198256 0.198256 0.180276 0.176701 0.218258 0.218258 0.165888 0.145705 0.143045 0.134692 0.318406 0.807648 0.704699 0.581403 0.408482 0.379276 0.297196 0.325877 0.365974 0.365974 0.296003 0.388172 0.311728 0.382721 0.399999 0.280873 0.399429 0.399429 0.298201 0.390298 0.431549 0.454808 0.455004 0.552669 0.511932 0.404678 0.359132 0.365739 0.447480 0.419591 0.357862
0.187051 0.179027 0.187101 0.189818 0.225941 0.225941 0.208674 0.208674 0.194941 0.208890 0.208890 0.195622 0.199505 0.199505 0.176584 0.228515 0.249616 0.206095 0.174921 0.147082 0.192455 0.187664 0.146958 0.150578 0.134692 0.131215 0.064087 0.578439 0.667019 0.444342 0.425722 0.425722 0.323729 0.390187 0.390187 0.305847 0.364564 0.311728 0.382721 0.399999 0.408404 0.408404 0.482839 0.482839 0.390298 0.516201 0.516201 0.351340 0.552669 0.511932 0.418389 0.448327 0.448327 0.447480 0.406250 0.333773
0.218891 0.217529 0.202426 0.173437 0.225941 0.225941 0.180177 0.198411 0.198411 0.208890 0.208890 0.173640 0.199505 0.208355 0.208355 0.176584 0.238656 0.206095 0.174921 0.147082 0.149482 0.162136 0.162136 0.150578 0.138547 0.132601 0.132601 0.335184 0.793365 0.916237 0.916237 0.412687 0.412687 0.390187 0.444172 0.444172 0.446502 0.538116 0.530090 0.295273 0.408404 0.408404 0.405392 0.389221 0.389221 0.344608 0.468508 0.468508 0.398557 0.416160 0.342651 0.448327 0.459387 0.364244 0.364244 0.366491
0.268211 0.270262 0.262248 0.214977 0.202614 0.196163 0.201842 0.199900 0.201619 0.211624 0.211624 0.201930 0.154683 0.173814 0.179300 0.178688 0.149262 0.160987 0.160987 0.149968 0.153262 0.165565 0.177826 0.177826 0.156428 0.138185 0.132982 0.136367 0.134683 0.916237 1.036394 0.801815 0.412687 0.470524 0.350334 0.301868 0.301868 0.383894 0.507369 0.507369 0.385970 0.335752 0.386968 0.386968 0.470339 0.470266 0.468508 0.468508 0.390613 0.390613 0.352862 0.348057 0.331594 0.364244 0.364244 0.366491
0.268211 0.270262 0.262248 0.244685 0.214216 0.196163 0.181332 0.169991 0.174747 0.174747 0.191602 0.191602 0.173940 0.173940 0.159643 0.170752 0.159716 0.152739 0.158449 0.158449 0.151326 0.141739 0.177826 0.177826 0.160449 0.143347 0.143347 0.136367 0.134683 0.113715 1.135141 1.135141 0.643072 0.390223 0.443781 0.443781 0.408434 0.408434 0.362791 0.484319 0.417056 0.390693 0.378679 0.336989 0.390009 0.404724 0.371812 0.333413 0.315707 0.350447 0.352862 0.432372 0.432372 0.416692 0.416692 0.305385
0.225935 0.205069 0.195423 0.214216 0.214216 0.181332 0.181332 0.195402 0.196552 0.172144 0.151238 0.159136 0.159136 0.164910 0.164910 0.154877 0.191935 0.191935 0.176602 0.182940 0.185046 0.163031 0.172346 0.176522 0.166103 0.140798 0.137009 0.137009 0.127570 0.125529 0.123584 0.951190 0.697296 0.390223 0.354284 0.278785 0.408434 0.408434 0.331243 0.354333 0.407580 0.390693 0.395638 0.461422 0.410277 0.407911 0.300106 0.357016 0.523438 0.523438 0.307025 0.432372 0.432372 0.416692 0.416692 0.384776
0.225935 0.205069 0.169276 0.164033 0.183673 0.180810 0.180810 0.195402 0.196552 0.181756 0.180693 0.180693 0.150405 0.162780 0.161430 0.160280 0.191935 0.191935 0.161893 0.167286 0.167286 0.162086 0.172346 0.176522 0.166103 0.156618 0.156618 0.154316 0.154316 0.134845 0.164199 0.633687 0.740731 0.668480 0.397588 0.410550 0.374708 0.374708 0.353840 0.353840 0.407580 0.386471 0.395638 0.461422 0.410277 0.411930 0.452904 0.349972 0.523438 0.523438 0.367368 0.367368 0.382293 0.382293 0.415668 0.415668
0.218933 0.196519 0.179877 0.179234 0.156963 0.167807 0.168460 0.175091 0.184387 0.181756 0.180693 0.180693 0.143276 0.193134 0.193134 0.160280 0.137391 0.149025 0.158750 0.158750 0.195898 0.180372 0.163580 0.149502 0.145526 0.156618 0.158472 0.184657 0.167734 0.129776 0.164199 0.164199 0.556706 0.808238 0.565806 0.472546 0.374708 0.617822 0.647745 0.408669 0.320887 0.414847 0.414847 0.345111 0.345111 0.339670 0.464268 0.464268 0.322298 0.347919 0.377995 0.427299 0.546485 0.329935 0.347570 0.424978
0.218933 0.190782 0.179877 0.179234 0.165569 0.160008 0.157038 0.154637 0.169038 0.169038 0.172441 0.178358 0.171006 0.193134 0.193134 0.206250 0.202398 0.161051 0.180124 0.180124 0.195898 0.185763 0.149502 0.155603 0.148383 0.148383 0.158472 0.184657 0.167734 0.145076 0.157486 0.157760 0.498924 0.808238 0.802576 0.472546 0.429585 0.617822 0.647745 0.408669 0.366618 0.414847 0.504668 0.345111 0.508507 0.508507 0.404880 0.328425 0.417351 0.322890 0.377995 0.427299 0.546485 0.359979 0.438627 0.328403
0.200367 0.190782 0.175593 0.174240 0.186292 0.191908 0.191908 0.159544 0.169038 0.169038 0.173709 0.178358 0.171006 0.176163 0.213358 0.191011 0.206003 0.206003 0.201274 0.229598 0.192661 0.160277 0.168724 0.168724 0.158498 0.158498 0.155650 0.176219 0.157962 0.137860 0.157486 0.143234 0.160586 0.649312 0.808750 0.687026 0.429585 0.429585 0.407712 0.377011 0.377011 0.343703 0.379002 0.379002 0.390614 0.397329 0.397329 0.255066 0.417351 0.419789 0.393797 0.378195 0.313890 0.463861 0.470922 0.303693
0.248079 0.203550 0.188668 0.186562 0.189970 0.198510 0.191908 0.169444 0.165368 0.165368 0.177984 0.251675 0.264069 0.182981 0.191011 0.191011 0.191539 0.191519 0.201274 0.192661 0.192661 0.157999 0.168969 0.168969 0.158498 0.158498 0.145466 0.158890 0.158890 0.149159 0.145936 0.146667 0.239918 0.356057 0.687026 0.687026 0.444322 0.387866 0.407712 0.377011 0.377011 0.385880 0.365782 0.314069 0.390614 0.332588 0.395254 0.395254 0.411772 0.419789 0.393797 0.265060 0.272477 0.394708 0.470922 0.319953
0.215967 0.203550 0.197516 0.201943 0.189970 0.198510 0.171869 0.198179 0.198179 0.203224 0.217847 0.251675 0.264069 0.213836 0.180779 0.189682 0.191539 0.173558 0.162224 0.188514 0.158874 0.162726 0.146111 0.158642 0.154375 0.147917 0.147325 0.158890 0.159219 0.159219 0.145936 0.140025 0.132771 0.331212 0.443604 0.696105 0.573378 0.367181 0.347078 0.302127 0.350685 0.365782 0.365782 0.339202 0.380009 0.380009 0.340358 0.436011 0.436011 0.359447 0.359447 0.382237 0.382237 0.403400 0.394708 0.346424
0.241312 0.205304 0.197516 0.201943 0.201966 0.201966 0.188883 0.213232 0.213232 0.203224 0.217847 0.217157 0.204683 0.204683 0.163415 0.204773 0.200235 0.201188 0.199138 0.188514 0.164601 0.162726 0.137599 0.147368 0.147368 0.152057 0.167549 0.158313 0.159219 0.193752 0.181025 0.152596 0.133658 0.130679 0.086791 0.790858 0.790858 0.394410 0.407757 0.398412 0.438560 0.325765 0.315592 0.397031 0.380009 0.380009 0.340358 0.422900 0.539493 0.325322 0.354109 0.682109 0.682109 0.403400 0.379505 0.431598
0.241312 0.262343 0.262343 0.258464 0.245043 0.195397 0.210384 0.214444 0.185578 0.176258 0.172660 0.194164 0.188254 0.174760 0.169679 0.204773 0.200235 0.201188 0.199138 0.164701 0.165681 0.168497 0.168497 0.152131 0.158860 0.157615 0.170756 0.170756 0.162954 0.143220 0.155264 0.145810 0.143980 0.143980 0.124630 0.790858 0.790858 0.435738 0.517631 0.663558 0.663558 0.404366 0.404366 0.375338 0.375338 0.342623 0.460932 0.460932 0.539493 0.473196 0.336496 0.379774 0.548224 0.326151 0.379270 0.431598
0.234246 0.262343 0.262343 0.205744 0.304604 0.304604 0.256601 0.185911 0.190018 0.198409 0.198409 0.206458 0.197854 0.184511 0.216709 0.216709 0.176321 0.166802 0.166802 0.172968 0.173210 0.177159 0.176137 0.164433 0.164433 0.155780 0.155780 0.156847 0.184257 0.184257 0.155264 0.153301 0.153301 0.143980 0.141748 0.124190 0.533663 0.533663 0.306918 0.663558 0.663558 0.517898 0.404366 0.532664 0.474007 0.402636 0.460932 0.475967 0.379283 0.373050 0.283652 0.279302 0.358734 0.359958 0.355225 0.420960
0.405301 0.356304 0.203291 0.174538 0.174538 0.232768 0.232768 0.185911 0.206345 0.228885 0.211465 0.239376 0.198870 0.297361 0.297361 0.216709 0.209949 0.199260 0.184487 0.152901 0.152857 0.195801 0.195801 0.167737 0.179174 0.179174 0.157401 0.146037 0.158894 0.168365 0.151049 0.151049 0.153086 0.146198 0.146198 0.129008 0.502587 0.765951 0.696973 0.733017 0.517898 0.610400 0.610400 0.473259 0.340801 0.402636 0.402636 0.383843 0.379283 0.379278 0.379278 0.450994 0.491703 0.359958 0.355225 0.420960
0.405301 0.459368 0.459368 0.321290 0.253790 0.249129 0.224603 0.193591 0.206345 0.228885 0.181159 0.176975 0.182989 0.181642 0.226087 0.197809 0.235708 0.235708 0.184487 0.168198 0.188408 0.156899 0.205536 0.183657 0.179174 0.179174 0.178228 0.196949 0.172128 0.172128 0.186107 0.153036 0.148226 0.148226 0.146198 0.140395 0.179554 0.761637 0.884433 0.884433 0.770266 0.610400 0.619431 0.340801 0.420350 0.455906 0.577532 0.644194 0.644194 0.805124 0.494477 0.450994 0.491703 0.449658 0.417181 0.344506
0.412052 0.408030 0.303344 0.283670 0.253790 0.249129 0.224603 0.221736 0.229907 0.224675 0.197835 0.191422 0.161506 0.221397 0.221397 0.183561 0.235708 0.235708 0.216331 0.194116 0.188408 0.169882 0.183657 0.183657 0.166652 0.163802 0.172071 0.196949 0.183509 0.172128 0.193461 0.193461 0.149269 0.149269 0.137957 0.137731 0.135151 0.761637 0.902614 0.770266 1.026830 0.982390 0.706681 0.706681 0.420350 0.356428 0.577532 0.388150 0.640480 0.805124 0.574393 0.409067 0.573897 0.559869 0.453584 0.344506
0.372838 0.409214 0.409214 0.374151 0.374151 0.207715 0.259745 0.269682 0.266053 0.241215 0.241215 0.209480 0.188958 0.221397 0.221397 0.215987 0.215987 0.173433 0.194116 0.194116 0.178141 0.176890 0.176890 0.178182 0.189389 0.161382 0.156295 0.163065 0.163065 0.158814 0.158814 0.145336 0.149269 0.149269 0.137957 0.140353 0.147819 0.147819 0.526693 0.586015 0.982390 0.982390 0.693144 0.737052 0.441889 0.441889 0.356428 0.325203 0.330431 0.236597 0.382223 0.409067 0.573897 0.559869 0.485186 0.485186
0.424869 0.410156 0.358210 0.445417 0.396426 0.345634 0.257273 0.269682 0.266053 0.237708 0.280065 0.267641 0.217953 0.188958 0.178672 0.215987 0.215987 0.202188 0.202188 0.190661 0.186840 0.186840 0.176890 0.178182 0.189389 0.169042 0.171628 0.171628 0.179499 0.179499 0.165136 0.151264 0.138302 0.142216 0.136982 0.136403 0.133538 0.145507 0.135319 0.267871 0.455299 0.424693 0.418462 0.609241 0.558673 0.313043 0.287091 0.138751 0.236597 0.236597 0.320690 0.326773 0.445712 0.445712 0.485186 0.485186
0.424869 0.442996 0.384859 0.485319 0.485319 0.345634 0.207519 0.264387 0.362681 0.373237 0.343097 0.307716 0.295415 0.185126 0.178672 0.178672 0.175263 0.166370 0.190661 0.190661 0.186840 0.186840 0.171604 0.173740 0.164241 0.170561 0.164135 0.154493 0.179499 0.179499 0.165136 0.174624 0.174624 0.135117 0.145356 0.145356 0.133071 0.144837 0.194671 0.194671 0.131823 0.424693 0.364842 0.558673 0.558673 0.263002 0.152692 0.149998 0.131907 0.125460 0.277716 0.326773 0.181777 0.419012 0.516486 0.945932
0.390818 0.411976 0.361603 0.485319 0.485319 0.389609 0.207519 0.209383 0.362681 0.393179 0.415656 0.372533 0.393119 0.393119 0.164402 0.169335 0.166658 0.166658 0.175923 0.175923 0.160626 0.167781 0.167781 0.164891 0.146890 0.164135 0.164135 0.171709 0.147321 0.154555 0.154555 0.174624 0.174624 0.200737 0.162656 0.162656 0.137669 0.137669 0.194671 0.202061 0.194071 0.150459 0.259454 0.167835 0.418601 0.334630 0.139423 0.139423 0.137376 0.131846 0.140952 0.159543 0.178276 0.233145 0.305938 0.453504
0.390818 0.411976 0.401639 0.361073 0.579184 0.579184 0.209347 0.209383 0.231618 0.272241 0.303053 0.326621 0.393119 0.393119 0.278657 0.198736 0.198736 0.193538 0.182250 0.176366 0.153994 0.236643 0.236643 0.218135 0.222703 0.239850 0.240589 0.228358 0.147321 0.154555 0.168781 0.187614 0.215785 0.200737 0.163732 0.151802 0.151802 0.152705 0.152705 0.202061 0.194071 0.158802 0.130913 0.119214 0.312324 0.312324 0.140739 0.135752 0.131116 0.138110 0.138784 0.138784 0.158199 0.158199 0.190365 0.215880
0.330712 0.471503 0.467201 0.584177 0.584177 0.579184 0.292215 0.292215 0.184264 0.272241 0.235920 0.243756 0.279983 0.312961 0.278657 0.206879 0.192815 0.189024 0.182250 0.180839 0.209788 0.236643 0.245100 0.286827 0.225254 0.239850 0.240589 0.328075 0.363954 0.247364 0.158278 0.187614 0.215785 0.168421 0.158124 0.151802 0.151802 0.165198 0.174492 0.151194 0.159459 0.189175 0.189175 0.172668 0.146522 0.145701 0.155523 0.159345 0.159345 0.144065 0.139935 0.138784 0.161215 0.271469 0.271469 0.215880
0.330712 0.516841 0.516841 0.584177 0.584177 0.346126 0.292215 0.292215 0.213313 0.208461 0.205172 0.228012 0.228012 0.253814 0.253814 0.213391 0.213391 0.238941 0.253443 0.253443 0.208647 0.223920 0.245100 0.286827 0.225254 0.184339 0.198633 0.328075 0.363954 0.264241 0.197919 0.290690 0.290690 0.234223 0.224100 0.211414 0.180818 0.174259 0.162903 0.151194 0.203249 0.203249 0.172668 0.172668 0.144369 0.178822 0.178822 0.163204 0.148677 0.144065 0.142639 0.143428 0.161215 0.271469 0.271469 0.268144
0.346418 0.449867 0.449658 0.455282 0.456784 0.364288 0.321350 0.255106 0.257817 0.257817 0.205172 0.196398 0.245173 0.245173 0.222793 0.229860 0.219242 0.238941 0.238941 0.205311 0.208647 0.208647 0.173659 0.174132 0.185348 0.167724 0.142363 0.215298 0.215298 0.192122 0.185161 0.158740 0.214736 0.234223 0.224100 0.211414 0.180818 0.174259 0.214181 0.214181 0.213703 0.203249 0.183692 0.148949 0.142495 0.147962 0.232997 0.232997 0.136072 0.132652 0.141294 0.139590 0.137740 0.143421 0.137864 0.143249
0.350701 0.501712 0.515978 0.387654 0.305120 0.302639 0.321350 0.246907 0.257817 0.257817 0.218817 0.213157 0.289121 0.289121 0.219633 0.229860 0.234879 0.264427 0.229929 0.205311 0.188742 0.188742 0.183504 0.169839 0.167724 0.167724 0.154318 0.132791 0.188735 0.157871 0.164232 0.158740 0.144060 0.144060 0.166411 0.166411 0.160804 0.156865 0.156865 0.213703 0.213703 0.172894 0.150208 0.145870 0.173322 0.173322 0.232997 0.273657 0.273657 0.235424 0.139777 0.164579 0.164579 0.140801 0.147745 0.139784
0.354847 0.428913 0.402306 0.387654 0.410243 0.410243 0.288332 0.220237 0.221914 0.256851 0.256851 0.216930 0.311667 0.313421 0.273999 0.246071 0.237151 0.222598 0.207368 0.195805 0.176364 0.176399 0.176399 0.151547 0.121256 0.165322 0.193167 0.231428 0.188735 0.178492 0.178492 0.156259 0.156259 0.156855 0.137855 0.157559 0.190809 0.190809 0.156865 0.151583 0.172894 0.172894 0.144611 0.163129 0.173322 0.173322 0.174062 0.193654 0.235424 0.235424 0.173302 0.173302 0.140033 0.144210 0.170202 0.184519
0.395231 0.617623 0.554351 0.450690 0.471430 0.501620 0.296763 0.263124 0.226039 0.256851 0.288546 0.232801 0.263735 0.382999 0.382999 0.252220 0.237151 0.226089 0.244967 0.244967 0.191170 0.182052 0.344720 0.400125 0.351244 0.176475 0.175901 0.231428 0.215029 0.198680 0.222257 0.208700 0.140254 0.156855 0.154128 0.161661 0.173894 0.184650 0.170088 0.170815 0.219981 0.219981 0.172419 0.166320 0.164084 0.164084 0.171899 0.215559 0.215559 0.156913 0.156913 0.158931 0.150526 0.144210 0.170202 0.184519
0.427754 0.617623 0.554351 0.450690 0.450690 0.501620 0.282598 0.263124 0.323427 0.323427 0.285338 0.291917 0.251848 0.382999 0.382999 0.370646 0.322922 0.232484 0.244967 0.244967 0.253941 0.256467 0.344720 0.400125 0.388985 0.276790 0.261700 0.261700 0.203845 0.271485 0.222257 0.263215 0.263215 0.161153 0.161153 0.133817 0.158078 0.158078 0.170088 0.199807 0.266110 0.318245 0.309024 0.204143 0.191770 0.164084 0.247659 0.247659 0.189701 0.189701 0.159143 0.158931 0.150526 0.145934 0.137496 0.135368
0.427754 0.453302 0.453340 0.557835 0.557835 0.443666 0.329109 0.313020 0.427064 0.415420 0.415420 0.347794 0.347794 0.297600 0.352185 0.370646 0.356730 0.290669 0.254217 0.291901 0.265575 0.256467 0.333781 0.376874 0.376874 0.340979 0.253890 0.219026 0.259846 0.276018 0.276018 0.263215 0.323467 0.292288 0.209941 0.149396 0.158078 0.183076 0.235198 0.235198 0.266110 0.309024 0.309024 0.398154 0.398647 0.304447 0.247659 0.281679 0.291970 0.237334 0.176801 0.143107 0.136961 0.237261 0.237261 0.148967
0.286694 0.453302 0.453302 0.557835 0.558517 0.558517 0.388429 0.375899 0.427064 0.489485 0.489485 0.393097 0.375266 0.338201 0.382553 0.542095 0.542095 0.386286 0.336161 0.291901 0.265575 0.184304 0.211537 0.376874 0.376874 0.380096 0.380096 0.291739 0.259846 0.259846 0.245823 0.176102 0.292288 0.292288 0.310095 0.310095 0.147225 0.149543 0.177506 0.260696 0.245359 0.236747 0.183835 0.398154 0.402305 0.473308 0.473308 0.281679 0.291970 0.237334 0.227916 0.227916 0.217995 0.348243 0.348243 0.164276
0.414320 0.591119 0.859573 0.497957 0.407642 0.510390 0.417378 0.524649 0.524649 0.649881 0.649881 0.393097 0.409221 0.338201 0.382553 0.448797 0.384514 0.384514 0.513299 0.513299 0.369867 0.498435 0.627487 0.627487 0.471485 0.287799 0.317677 0.291739 0.217364 0.191576 0.180013 0.173005 0.145494 0.215883 0.310095 0.461201 0.335480 0.154352 0.149543 0.109824 0.284743 0.284743 0.182408 0.197205 0.358277 0.473308 0.489682 0.489682 0.466867 0.731865 0.550005 0.295702 0.453102 0.453102 0.348243 0.164276
0.263299 0.516278 0.516278 0.402028 0.381703 0.510390 0.401201 0.524649 0.710620 0.714565 0.512220 0.512220 0.409221 0.364231 0.338802 0.405335 0.384514 0.443166 0.513299 0.571351 0.571351 0.773815 0.843059 0.833943 0.800802 0.474841 0.253349 0.253349 0.196152 0.191576 0.158299 0.226262 0.291009 0.291009 0.330516 0.330516 0.198017 0.234802 0.234802 0.517803 0.517803 0.381232 0.381232 0.326125 0.358277 0.358277 0.489682 0.493632 0.538369 0.731865 0.555199 0.477021 0.563771 0.453102 0.358660 0.439177
0.397959 0.308726 0.397481 0.397481 0.377288 0.351077 0.489366 0.612681 0.562717 0.714565 0.512220 0.512220 0.393711 0.336220 0.659837 0.659837 0.469393 0.369957 0.618959 0.571351 0.571351 0.380729 0.110928 0.292635 0.506583 0.366387 0.413230 0.258749 0.213322 0.181539 0.173844 0.240459 0.240459 0.218614 0.330516 0.330516 0.307472 0.245991 0.394443 0.648140 0.680984 0.599355 0.587168 0.564358 0.564358 0.537897 0.513174 0.485789 0.538369 0.494735 0.448192 0.513770 0.773794 0.773794 0.483846 0.537339
0.777275 0.817105 0.765403 0.604337 0.590428 0.498185 0.517469 0.593523 0.562717 0.622754 0.662480 1.041826 1.041826 0.632288 0.632288 0.497339 0.573665 0.719921 0.719921 0.731611 0.812818 0.782665 0.792483 0.728278 0.728278 0.903121 0.903121 0.873510 0.758205 0.679463 1.011292 1.011292 0.884999 0.884999 0.514517 1.005425 1.255700 1.255700 0.968981 0.688701 0.460678 0.612898 0.666711 0.786708 0.786708 0.679095 0.816674 0.641396 0.501802 0.591547 0.591547 0.667999 0.846895 0.594946 0.727076 0.880874
