0.202842 0.106105 0.000000 0.331642 0.000000 0.391391 0.000000 0.467213 0.000000 0.000000 0.216789 0.000000 0.300940 0.000000 0.000000 0.212808 0.000000 0.030094 0.285940 0.066075 0.000000 0.347937 0.015413 0.000000 0.203264 0.000000 0.328904 0.000000 0.000000 0.000000 0.275144 0.000000 0.000000 0.083251 0.298227 0.000000 0.000000 0.314009 0.000000 0.087269 0.000000 0.333354 0.000000 0.142605 0.000000 0.000000 0.547576 0.000000 0.328287 0.000000 0.000000 0.108881 0.215509 0.000000 0.323127 0.000000
0.321254 0.000000 0.000000 0.450886 0.000000 0.091105 0.000000 0.759416 0.000000 0.000000 0.219932 0.000000 0.003110 0.000000 0.251454 0.000000 0.000000 0.173603 0.269363 0.000000 0.000000 0.375820 0.000000 0.042471 0.075357 0.000000 0.168795 0.000000 0.000000 0.088195 0.024575 0.000000 0.010110 0.000000 0.111458 0.000000 0.018239 0.259148 0.000000 0.000000 0.000000 0.380118 0.000000 0.000000 0.000000 0.227848 0.100520 0.000000 0.202279 0.000000 0.000741 0.227730 0.053409 0.000000 0.174296 0.000000
0.075445 0.000000 0.059161 0.183028 0.000000 0.000000 0.000000 0.357974 0.000000 0.000000 0.379011 0.000000 0.195827 0.099743 0.000000 0.000000 0.256066 0.000000 0.000000 0.158002 0.000000 0.000000 0.118438 0.276673 0.000000 0.017399 0.049261 0.000000 0.063204 0.000000 0.000000 0.052691 0.000000 0.000000 0.000000 0.000000 0.056559 0.000000 0.000000 0.000000 0.000000 0.277248 0.000000 0.000000 0.000000 0.048182 0.047315 0.000000 0.000000 0.000000 0.083296 0.000000 0.026794 0.000000 0.160518 0.000000
0.000000 0.000000 0.020493 0.000000 0.000000 0.000000 0.313008 0.000000 0.000000 0.045250 0.212307 0.023666 0.124503 0.000000 0.000000 0.185113 0.000000 0.000000 0.143349 0.258153 0.000000 0.095442 0.344969 0.050737 0.000000 0.358212 0.000000 0.000000 0.254366 0.000000 0.035752 0.188761 0.000000 0.050861 0.000000 0.225965 0.046851 0.000000 0.000000 0.000000 0.161359 0.227737 0.000000 0.000000 0.000000 0.000000 0.244831 0.000000 0.000000 0.201082 0.059915 0.000000 0.161030 0.071039 0.052499 0.000000
0.228527 0.040999 0.000000 0.000000 0.061266 0.049490 0.141686 0.000000 0.161581 0.000000 0.000000 0.000000 0.000000 0.257903 0.000000 0.000000 0.000000 0.011406 0.333841 0.143981 0.000000 0.691405 0.000000 0.000000 0.000000 0.440535 0.000000 0.174576 0.109532 0.000000 0.159630 0.000000 0.000000 0.000000 0.000000 0.444004 0.000000 0.000000 0.216524 0.196060 0.057327 0.000000 0.000000 0.105597 0.000000 0.093805 0.014558 0.000000 0.075116 0.143993 0.000000 0.000000 0.013086 0.040514 0.214841 0.000000
0.381967 0.000000 0.000000 0.000000 0.488281 0.004121 0.000000 0.000000 0.106913 0.000000 0.056161 0.000000 0.129985 0.394383 0.000000 0.190913 0.246070 0.000000 0.000000 0.224888 0.000000 0.621393 0.000000 0.000000 0.422067 0.000000 0.000000 0.451130 0.000000 0.000000 0.084052 0.000000 0.000000 0.107771 0.000000 0.103131 0.000000 0.063552 0.038342 0.000000 0.000000 0.000000 0.000000 0.173520 0.002058 0.000000 0.000000 0.012207 0.372387 0.000000 0.042793 0.000000 0.028202 0.000000 0.043971 0.000000
0.397298 0.000000 0.000000 0.000000 0.559179 0.045236 0.000000 0.100872 0.176782 0.000000 0.000000 0.000000 0.119303 0.127043 0.215801 0.305414 0.000000 0.000000 0.000000 0.213940 0.000000 0.426613 0.000000 0.000000 0.299521 0.000000 0.136459 0.221418 0.000000 0.000000 0.000000 0.000000 0.000000 0.195878 0.000000 0.259678 0.000000 0.054196 0.000000 0.026486 0.210363 0.000000 0.085075 0.121804 0.000000 0.000000 0.172722 0.259220 0.000000 0.000000 0.190583 0.000000 0.000000 0.000000 0.000000 0.030283
0.136609 0.000000 0.000000 0.229515 0.432155 0.000000 0.000000 0.315539 0.317627 0.000000 0.000000 0.000000 0.000000 0.002753 0.119409 0.406998 0.000000 0.000000 0.000000 0.276332 0.000000 0.332373 0.000000 0.000000 0.098914 0.000000 0.000000 0.054663 0.000000 0.000000 0.000000 0.000000 0.000000 0.258091 0.000000 0.119591 0.000000 0.149972 0.000000 0.028209 0.011284 0.000000 0.000000 0.152892 0.000000 0.000000 0.445132 0.000000 0.000000 0.000000 0.034248 0.257177 0.000000 0.007674 0.000000 0.000000
0.000000 0.000000 0.000000 0.351084 0.025603 0.000000 0.000000 0.316421 0.476706 0.000000 0.000000 0.000000 0.064671 0.027357 0.212432 0.485556 0.000000 0.000000 0.099803 0.294385 0.138949 0.000000 0.079406 0.000000 0.049982 0.184671 0.000000 0.313124 0.000000 0.004722 0.000000 0.000000 0.062688 0.328250 0.000000 0.287818 0.000000 0.010023 0.000000 0.000000 0.000000 0.240954 0.000000 0.399892 0.000000 0.194944 0.268151 0.000000 0.000000 0.050156 0.000000 0.273032 0.000000 0.074352 0.000000 0.000000
0.000000 0.000000 0.169618 0.210167 0.000000 0.000000 0.000000 0.311628 0.239282 0.075233 0.000000 0.000000 0.225996 0.000000 0.165973 0.313848 0.000000 0.000000 0.000000 0.298782 0.336893 0.000000 0.030890 0.000000 0.327455 0.000000 0.000000 0.352415 0.000000 0.000000 0.000000 0.053996 0.527755 0.000000 0.000000 0.445222 0.000000 0.064328 0.000000 0.001275 0.000000 0.237613 0.000000 0.004685 0.000000 0.270966 0.001970 0.000000 0.112552 0.201897 0.000000 0.024628 0.000000 0.256148 0.000000 0.126223
0.000000 0.000000 0.093027 0.198119 0.000000 0.139050 0.041104 0.050648 0.000000 0.109950 0.000000 0.114734 0.000000 0.000000 0.251001 0.218993 0.000000 0.000000 0.000000 0.434811 0.353373 0.000000 0.000000 0.000000 0.000000 0.000000 0.014064 0.000000 0.120711 0.000000 0.000000 0.402521 0.256088 0.000000 0.046565 0.000000 0.000000 0.217174 0.000000 0.256400 0.000000 0.207230 0.000000 0.000000 0.221691 0.000000 0.099831 0.000000 0.226635 0.000000 0.000000 0.000000 0.005852 0.026845 0.000000 0.244253
0.000000 0.000000 0.326674 0.000000 0.000000 0.134935 0.000000 0.026677 0.222434 0.000000 0.057670 0.000000 0.000000 0.144228 0.110515 0.160841 0.000000 0.000000 0.000000 0.166333 0.000000 0.000000 0.153561 0.150699 0.000000 0.162415 0.004876 0.000000 0.231863 0.000000 0.072089 0.630911 0.000000 0.000000 0.000000 0.000000 0.184291 0.000000 0.000000 0.299645 0.000000 0.009671 0.000000 0.000000 0.184398 0.000000 0.216200 0.000000 0.163507 0.000000 0.097099 0.012314 0.000000 0.094455 0.000000 0.270529
0.000000 0.000000 0.449753 0.000000 0.000000 0.000000 0.000000 0.283656 0.310887 0.000000 0.023056 0.000000 0.066371 0.170406 0.050353 0.135603 0.000000 0.000000 0.000000 0.090225 0.000000 0.033670 0.392106 0.000000 0.000000 0.219825 0.000000 0.101218 0.000000 0.000000 0.514307 0.043674 0.000000 0.189866 0.000000 0.000000 0.262714 0.000000 0.040757 0.000000 0.000000 0.204959 0.000000 0.000000 0.000000 0.000000 0.222858 0.000000 0.000000 0.000000 0.315495 0.000000 0.000000 0.269257 0.000000 0.088679
0.000000 0.131245 0.125594 0.069752 0.117308 0.000000 0.035447 0.600610 0.175852 0.000000 0.202383 0.000000 0.022647 0.000000 0.127997 0.067446 0.000000 0.000000 0.050057 0.000000 0.046974 0.237616 0.387104 0.000000 0.000000 0.260616 0.000000 0.000000 0.000000 0.193776 0.269717 0.000000 0.027957 0.030069 0.000000 0.212623 0.036568 0.000000 0.066427 0.000000 0.155886 0.000000 0.000000 0.000000 0.096089 0.165055 0.000000 0.000000 0.000000 0.000000 0.233907 0.000000 0.000000 0.248774 0.000000 0.000000
0.000000 0.296520 0.015604 0.094021 0.000000 0.000000 0.354627 0.201218 0.000000 0.000000 0.450958 0.000000 0.000000 0.000000 0.331295 0.000000 0.000000 0.000000 0.069060 0.000000 0.102006 0.176649 0.166522 0.000000 0.000000 0.180248 0.000000 0.031474 0.000000 0.472436 0.000000 0.000000 0.146172 0.000000 0.000000 0.425038 0.000000 0.000000 0.005943 0.284509 0.000000 0.000000 0.000000 0.000000 0.182437 0.000000 0.000000 0.283644 0.000000 0.089754 0.059715 0.000000 0.136558 0.144069 0.000000 0.084970
0.000000 0.011156 0.038295 0.000000 0.000000 0.113728 0.097749 0.000000 0.067866 0.026600 0.303726 0.000000 0.000000 0.220766 0.231625 0.000000 0.000000 0.154265 0.000000 0.000000 0.009360 0.000000 0.184450 0.000000 0.190875 0.000000 0.000000 0.146694 0.279116 0.000000 0.000000 0.000000 0.089472 0.000000 0.000000 0.451805 0.000000 0.000000 0.220462 0.105793 0.000000 0.139042 0.000000 0.018899 0.000000 0.000000 0.000000 0.000000 0.020387 0.000000 0.110773 0.130445 0.000000 0.000000 0.000000 0.035889
0.057107 0.027909 0.222258 0.000000 0.162700 0.041526 0.037916 0.000000 0.149742 0.000000 0.000000 0.030126 0.000000 0.243424 0.000000 0.000000 0.081143 0.141175 0.000000 0.000000 0.010818 0.093707 0.009050 0.144706 0.384586 0.000000 0.000000 0.383920 0.086528 0.000000 0.070243 0.000000 0.002336 0.000000 0.227955 0.213159 0.000000 0.000000 0.077370 0.000000 0.000000 0.055346 0.000000 0.000000 0.008052 0.058818 0.186469 0.000000 0.182059 0.000000 0.384231 0.018202 0.000000 0.013759 0.018267 0.000000
0.107827 0.041453 0.000000 0.018156 0.126075 0.000000 0.032227 0.000000 0.424385 0.000000 0.000000 0.228810 0.000000 0.344458 0.000000 0.000000 0.432065 0.000000 0.000000 0.000000 0.151859 0.028196 0.000000 0.339337 0.315727 0.000000 0.000000 0.188156 0.000000 0.000000 0.128047 0.000000 0.000000 0.000000 0.000000 0.000000 0.000000 0.245398 0.000000 0.000000 0.015816 0.000000 0.133896 0.000000 0.228544 0.000000 0.153683 0.000000 0.112392 0.000000 0.389300 0.017411 0.000000 0.129183 0.000000 0.000000
0.231314 0.000000 0.000000 0.243753 0.123506 0.000000 0.000000 0.000000 0.281412 0.000000 0.313521 0.000000 0.000000 0.129678 0.000000 0.124607 0.158162 0.000000 0.000000 0.029298 0.079755 0.000000 0.000000 0.091578 0.000000 0.000000 0.156007 0.000000 0.029332 0.000000 0.000000 0.000000 0.000000 0.096079 0.000000 0.217312 0.000000 0.004522 0.000000 0.015737 0.034536 0.088405 0.023577 0.000000 0.207296 0.000000 0.163512 0.000000 0.139363 0.000000 0.225971 0.012211 0.000000 0.167251 0.000000 0.000000
0.116492 0.000000 0.008182 0.359186 0.000000 0.000000 0.000000 0.116165 0.000000 0.000000 0.206116 0.000000 0.039875 0.000000 0.000000 0.161864 0.000000 0.023969 0.000000 0.130504 0.000000 0.000000 0.000000 0.000000 0.000000 0.161233 0.162897 0.000000 0.042866 0.000000 0.000000 0.000000 0.000000 0.000000 0.000000 0.037213 0.000000 0.000000 0.071157 0.084393 0.088546 0.000000 0.000000 0.000000 0.041211 0.000000 0.157549 0.000000 0.072052 0.000000 0.054868 0.031814 0.000000 0.147988 0.000000 0.004774
0.042315 0.000000 0.072259 0.156117 0.000000 0.102926 0.000000 0.103676 0.000000 0.176915 0.033713 0.000000 0.000000 0.000000 0.000000 0.000000 0.016008 0.000000 0.000000 0.063671 0.000000 0.000000 0.000000 0.000000 0.000000 0.353310 0.000000 0.000000 0.385630 0.000000 0.000000 0.099071 0.000000 0.000000 0.000000 0.000000 0.000000 0.038182 0.000000 0.095192 0.000000 0.000000 0.000000 0.072699 0.021864 0.000000 0.000000 0.000000 0.126235 0.000000 0.083170 0.000000 0.000000 0.000000 0.026401 0.084190
0.076588 0.000000 0.005379 0.027007 0.034766 0.127251 0.000000 0.000000 0.000000 0.364477 0.000000 0.000000 0.000000 0.014601 0.012195 0.000000 0.102873 0.000000 0.174913 0.000000 0.114184 0.000000 0.000000 0.000000 0.000000 0.372086 0.000000 0.136053 0.000000 0.000000 0.000543 0.170876 0.000000 0.181404 0.000000 0.000000 0.000000 0.000000 0.070653 0.000000 0.000000 0.000000 0.000000 0.167088 0.000000 0.108463 0.000000 0.131498 0.000000 0.000000 0.229158 0.000000 0.000000 0.000000 0.050156 0.016874
0.018838 0.000000 0.066101 0.000000 0.000000 0.182678 0.000000 0.078963 0.000000 0.120620 0.000000 0.000000 0.102599 0.000000 0.188957 0.000000 0.014051 0.000000 0.399120 0.000000 0.132086 0.000000 0.000000 0.027688 0.061384 0.063398 0.000000 0.000000 0.000000 0.102017 0.274643 0.000000 0.000000 0.172392 0.000000 0.000000 0.081022 0.000000 0.259109 0.000000 0.000000 0.000000 0.000000 0.043112 0.000000 0.023520 0.000000 0.039616 0.000000 0.108371 0.170367 0.000000 0.002017 0.000000 0.047955 0.000000
0.000000 0.000000 0.050708 0.000000 0.000000 0.000000 0.000000 0.357673 0.000000 0.265371 0.000000 0.000000 0.116928 0.000000 0.192787 0.000000 0.000000 0.242362 0.107908 0.000000 0.133111 0.000000 0.000000 0.074717 0.000000 0.000000 0.000000 0.000000 0.000000 0.174120 0.117722 0.000000 0.074999 0.202288 0.000000 0.102004 0.000000 0.000000 0.129362 0.000000 0.145194 0.109701 0.116470 0.000000 0.049893 0.055628 0.090244 0.000000 0.076385 0.116991 0.000000 0.035417 0.000000 0.000000 0.091204 0.000000
0.000000 0.000000 0.220827 0.000000 0.000000 0.094210 0.040594 0.167580 0.000000 0.261641 0.000000 0.000000 0.150648 0.000000 0.446533 0.000000 0.000000 0.372301 0.000000 0.000000 0.078274 0.073135 0.000000 0.123803 0.000000 0.000000 0.066668 0.000000 0.008565 0.003732 0.000000 0.000000 0.196555 0.000000 0.000000 0.064179 0.000000 0.269513 0.000000 0.000000 0.048154 0.000000 0.148439 0.000000 0.056884 0.234862 0.000000 0.000000 0.261863 0.000000 0.000000 0.348763 0.000000 0.125364 0.049300 0.000000
0.097209 0.000000 0.343907 0.000000 0.000000 0.196463 0.064497 0.000000 0.000000 0.235147 0.000000 0.000000 0.073996 0.000000 0.401318 0.000000 0.000223 0.366151 0.000000 0.000000 0.232818 0.000000 0.000000 0.419080 0.000000 0.000000 0.080411 0.000000 0.000000 0.000000 0.000000 0.133281 0.057073 0.000000 0.008457 0.000000 0.000000 0.241646 0.000000 0.000000 0.000000 0.000000 0.070156 0.000000 0.211961 0.089435 0.000000 0.081824 0.084459 0.000000 0.039184 0.069446 0.000000 0.160836 0.000000 0.018277
0.012908 0.000000 0.233727 0.000000 0.000000 0.103721 0.063170 0.000000 0.189133 0.000000 0.000000 0.102967 0.000000 0.168521 0.000000 0.000000 0.413312 0.137652 0.000000 0.000000 0.456276 0.000000 0.052303 0.381080 0.000000 0.000000 0.094492 0.053098 0.000000 0.002698 0.022732 0.149416 0.000000 0.000000 0.052214 0.000000 0.000000 0.117639 0.000000 0.000000 0.000000 0.118424 0.000000 0.000000 0.179161 0.000000 0.000000 0.213442 0.000000 0.000000 0.184846 0.000000 0.000000 0.000000 0.000000 0.057698
0.000000 0.139311 0.015505 0.000000 0.048930 0.236825 0.000000 0.000000 0.234900 0.000000 0.000000 0.211844 0.000000 0.341983 0.000000 0.000000 0.435361 0.000000 0.000000 0.274959 0.097010 0.000000 0.540692 0.000000 0.000000 0.000000 0.155683 0.000000 0.000000 0.000000 0.000000 0.108191 0.008501 0.132098 0.000000 0.000000 0.000000 0.267044 0.000000 0.000000 0.175157 0.000000 0.000000 0.022074 0.000000 0.000000 0.000000 0.162190 0.000000 0.000000 0.248313 0.000000 0.161762 0.000000 0.127450 0.000000
0.080869 0.125399 0.000000 0.000000 0.000000 0.157975 0.000000 0.000000 0.136619 0.000000 0.000000 0.188483 0.000000 0.240530 0.000000 0.310035 0.000000 0.000000 0.231508 0.029034 0.000000 0.000000 0.487922 0.000000 0.000000 0.000000 0.036597 0.000000 0.000000 0.000000 0.000000 0.040697 0.000000 0.065980 0.035981 0.010529 0.000000 0.153088 0.000000 0.136245 0.069067 0.000000 0.000000 0.051939 0.000000 0.000000 0.090231 0.046262 0.000000 0.000000 0.075744 0.000000 0.075147 0.000000 0.232715 0.000000
0.236064 0.000000 0.000000 0.000000 0.000000 0.372890 0.000000 0.000000 0.225072 0.000000 0.000000 0.094877 0.000000 0.000000 0.000000 0.206260 0.000000 0.000000 0.149745 0.000000 0.000000 0.000000 0.302984 0.000000 0.000000 0.000000 0.122076 0.000000 0.000000 0.000000 0.000000 0.000000 0.000000 0.270303 0.202981 0.000000 0.000000 0.217159 0.000000 0.240397 0.000000 0.000000 0.152769 0.000000 0.019825 0.000000 0.060007 0.031371 0.000000 0.000000 0.052695 0.081366 0.000000 0.000000 0.246839 0.000000
0.098174 0.000000 0.040254 0.000000 0.000000 0.478238 0.000000 0.080190 0.102350 0.000000 0.000000 0.111288 0.000000 0.000000 0.000000 0.000000 0.174852 0.000000 0.000000 0.000000 0.044233 0.000000 0.349018 0.000000 0.010796 0.000000 0.268812 0.000000 0.023533 0.000000 0.000000 0.000000 0.000000 0.220278 0.176954 0.000000 0.000000 0.000000 0.000000 0.130189 0.000000 0.060986 0.272594 0.000000 0.000000 0.000000 0.144545 0.000000 0.027049 0.000000 0.200049 0.000000 0.000000 0.156751 0.007369 0.000000
0.123568 0.028553 0.000000 0.000000 0.032150 0.358864 0.000000 0.148915 0.056100 0.000000 0.063229 0.093826 0.000000 0.358416 0.000000 0.133920 0.279346 0.000000 0.000000 0.065386 0.000000 0.048928 0.105119 0.000000 0.146865 0.000000 0.269458 0.000000 0.033842 0.000000 0.000000 0.050145 0.000000 0.090644 0.035768 0.087227 0.075124 0.000000 0.155896 0.000000 0.000000 0.000000 0.364064 0.000000 0.022048 0.000000 0.219892 0.000000 0.000000 0.000000 0.126331 0.000000 0.000000 0.233488 0.000000 0.000000
0.146553 0.000000 0.000000 0.000000 0.000000 0.295684 0.000000 0.249345 0.095873 0.000000 0.130516 0.000000 0.000000 0.280233 0.000000 0.420797 0.000000 0.000000 0.000000 0.267422 0.000000 0.423357 0.000000 0.000000 0.060289 0.000000 0.153310 0.000000 0.081729 0.000000 0.000000 0.159800 0.000000 0.061520 0.056075 0.144749 0.011347 0.000000 0.091470 0.000000 0.182862 0.000000 0.114377 0.000000 0.246473 0.000000 0.038460 0.000000 0.000000 0.000000 0.000000 0.172470 0.000000 0.246549 0.000000 0.000000
0.156863 0.000000 0.000000 0.000000 0.080348 0.198887 0.000000 0.456440 0.000000 0.000000 0.158326 0.000000 0.000000 0.000000 0.000000 0.419866 0.000000 0.000000 0.000000 0.089889 0.000000 0.569389 0.000000 0.231747 0.000000 0.000000 0.000308 0.000000 0.068526 0.000000 0.000000 0.021948 0.000000 0.093111 0.000000 0.093341 0.108877 0.358809 0.000000 0.000000 0.342773 0.000000 0.074479 0.000000 0.250131 0.000000 0.000000 0.000000 0.051447 0.000000 0.144992 0.071770 0.000000 0.055199 0.000000 0.006161
0.089984 0.000000 0.032332 0.090556 0.000000 0.021177 0.000000 0.517800 0.000000 0.000000 0.167834 0.000000 0.000000 0.059439 0.000000 0.162612 0.000000 0.000000 0.198251 0.000000 0.000000 0.430265 0.000000 0.248294 0.000000 0.075265 0.000000 0.000000 0.000000 0.060706 0.000000 0.000000 0.000000 0.045716 0.000000 0.126375 0.104333 0.168364 0.000000 0.000000 0.155049 0.000000 0.348995 0.000000 0.134177 0.000000 0.000000 0.000000 0.000000 0.000000 0.000000 0.033249 0.000000 0.000000 0.000000 0.115551
0.000000 0.000000 0.368680 0.000000 0.000000 0.000000 0.000863 0.234980 0.000000 0.217307 0.000000 0.000000 0.161205 0.072121 0.000000 0.000000 0.000000 0.000000 0.158082 0.000000 0.124327 0.171794 0.000000 0.165519 0.000000 0.092691 0.080077 0.000000 0.000000 0.040076 0.000000 0.075566 0.000000 0.000000 0.019186 0.000000 0.061900 0.088824 0.000000 0.000000 0.086588 0.000000 0.152504 0.000000 0.135801 0.000000 0.000000 0.000000 0.000000 0.000000 0.000000 0.123698 0.000000 0.000000 0.000000 0.096648
0.000000 0.259965 0.202245 0.000000 0.000000 0.000000 0.117245 0.000000 0.000000 0.174234 0.000000 0.000000 0.127701 0.000000 0.000000 0.000000 0.200182 0.000000 0.014142 0.000000 0.208933 0.104078 0.000000 0.283200 0.000000 0.000000 0.063205 0.000000 0.035968 0.057803 0.000000 0.023370 0.000000 0.000000 0.000000 0.051747 0.122308 0.000000 0.000000 0.000000 0.106519 0.000000 0.000000 0.000000 0.240611 0.000000 0.000000 0.202660 0.000000 0.000000 0.000000 0.047934 0.000000 0.000000 0.065328 0.000000
0.121040 0.082590 0.000000 0.000000 0.077703 0.000000 0.000000 0.000000 0.185864 0.000000 0.000000 0.007864 0.000000 0.000000 0.000000 0.000000 0.317593 0.000000 0.103903 0.000000 0.302246 0.000000 0.000000 0.320216 0.000000 0.131431 0.055362 0.000000 0.224535 0.000000 0.014216 0.000000 0.000000 0.022752 0.000000 0.117620 0.104978 0.000000 0.000000 0.000000 0.330259 0.000000 0.038120 0.000000 0.239567 0.000000 0.000000 0.025188 0.000000 0.000000 0.109919 0.122576 0.000000 0.093284 0.085392 0.000000
0.131398 0.000000 0.000000 0.140399 0.000000 0.092295 0.000000 0.102853 0.160140 0.000000 0.000000 0.157389 0.000000 0.054507 0.000000 0.000000 0.414695 0.000000 0.215175 0.000000 0.077842 0.000000 0.077677 0.000000 0.000000 0.306362 0.000000 0.000000 0.217011 0.000000 0.117242 0.000000 0.000000 0.000000 0.000000 0.037221 0.011529 0.000000 0.183532 0.000000 0.349790 0.000000 0.000000 0.073289 0.185782 0.000000 0.289826 0.000000 0.000000 0.306992 0.003940 0.000000 0.000000 0.179704 0.000000 0.103284
0.078369 0.219154 0.000000 0.200761 0.000000 0.004111 0.000000 0.000000 0.016701 0.000000 0.000000 0.251446 0.000000 0.258817 0.000000 0.175451 0.167745 0.000000 0.095396 0.000000 0.000000 0.000000 0.025867 0.000000 0.000000 0.038497 0.000000 0.000000 0.073991 0.000000 0.092011 0.000000 0.134756 0.000000 0.045086 0.001496 0.000000 0.000000 0.067410 0.000000 0.206934 0.000000 0.000000 0.275144 0.039434 0.000000 0.250281 0.000000 0.134048 0.000000 0.000000 0.044716 0.000000 0.000000 0.074304 0.500693
0.000000 0.152673 0.000000 0.130628 0.156464 0.000000 0.005864 0.000000 0.188931 0.000000 0.000000 0.358432 0.000000 0.238586 0.000000 0.375299 0.000000 0.000000 0.000000 0.167384 0.000000 0.051173 0.000000 0.172819 0.000000 0.000000 0.013046 0.047115 0.023492 0.000000 0.000000 0.072934 0.059985 0.000000 0.184726 0.000000 0.000000 0.143120 0.000000 0.000000 0.124399 0.000000 0.000000 0.460999 0.000000 0.000000 0.085991 0.034795 0.000000 0.000000 0.049034 0.000000 0.000000 0.096234 0.195643 0.052238
0.000000 0.000000 0.196409 0.000000 0.206570 0.000000 0.010900 0.000000 0.255487 0.000000 0.000000 0.143682 0.000000 0.183964 0.000000 0.401217 0.000000 0.000000 0.000000 0.146192 0.000000 0.000000 0.000000 0.030270 0.000000 0.040505 0.033704 0.000000 0.081961 0.000000 0.000000 0.129811 0.000000 0.000000 0.269893 0.000000 0.000000 0.162046 0.000000 0.021080 0.000000 0.000000 0.000000 0.508899 0.000000 0.000000 0.230038 0.000000 0.000000 0.088942 0.008866 0.000000 0.056098 0.000000 0.007388 0.192747
0.000000 0.104927 0.042219 0.000000 0.339177 0.000000 0.000000 0.120352 0.166550 0.000000 0.010966 0.024748 0.145862 0.000000 0.000000 0.382951 0.000000 0.025189 0.000000 0.000000 0.000000 0.000000 0.068058 0.000000 0.080088 0.052043 0.000000 0.075462 0.101738 0.000000 0.000000 0.044213 0.000000 0.000000 0.250322 0.000000 0.000000 0.104671 0.000000 0.060353 0.000000 0.094512 0.000000 0.139306 0.000000 0.000000 0.270702 0.000000 0.000000 0.159167 0.000000 0.000000 0.000000 0.000000 0.342643 0.121624
0.000000 0.323837 0.000000 0.000000 0.571927 0.000000 0.000000 0.282418 0.207059 0.000000 0.000000 0.074092 0.255889 0.000000 0.045260 0.183081 0.000000 0.000000 0.000000 0.072989 0.000000 0.000000 0.141161 0.000000 0.257169 0.000000 0.000000 0.264323 0.081023 0.000000 0.000000 0.042138 0.154554 0.000000 0.188964 0.000000 0.000000 0.000000 0.000000 0.106140 0.000000 0.204147 0.000000 0.046698 0.000000 0.000000 0.188106 0.000000 0.000000 0.142411 0.000000 0.000000 0.000000 0.024014 0.314796 0.000000
0.000000 0.333770 0.000000 0.000000 0.622033 0.000000 0.000000 0.294069 0.173101 0.000000 0.000000 0.290143 0.275553 0.000000 0.000000 0.066646 0.000000 0.000000 0.058458 0.000000 0.000000 0.000000 0.035143 0.000000 0.013097 0.000000 0.000000 0.271037 0.088120 0.000000 0.000000 0.018363 0.007028 0.000000 0.180706 0.000000 0.055390 0.000000 0.084844 0.001093 0.091950 0.007380 0.000000 0.363187 0.000000 0.000000 0.128003 0.000000 0.040958 0.054192 0.000000 0.023707 0.000000 0.000000 0.272341 0.000000
0.146808 0.000000 0.000000 0.146828 0.521513 0.000000 0.000000 0.237436 0.144223 0.000000 0.000000 0.295362 0.257954 0.000000 0.000000 0.319475 0.000000 0.000000 0.169905 0.000000 0.000000 0.000000 0.007351 0.029184 0.000000 0.147929 0.000000 0.279911 0.167304 0.000000 0.000000 0.074373 0.140435 0.000000 0.124391 0.011973 0.000000 0.000000 0.246532 0.000000 0.216144 0.000000 0.000000 0.464732 0.000000 0.000000 0.027882 0.000000 0.159540 0.000000 0.000000 0.125388 0.000000 0.000000 0.296148 0.000000
0.173936 0.000000 0.000000 0.286139 0.427849 0.000000 0.300436 0.130757 0.000000 0.000000 0.014358 0.193082 0.362822 0.000000 0.000000 0.299219 0.000000 0.359246 0.000000 0.000000 0.000000 0.000000 0.000000 0.000000 0.000000 0.000000 0.012448 0.003964 0.169297 0.000000 0.111196 0.000000 0.192713 0.000000 0.233161 0.136305 0.000000 0.229120 0.000000 0.000000 0.209384 0.024283 0.090054 0.206861 0.000000 0.066139 0.000000 0.023322 0.091647 0.000000 0.007064 0.219160 0.000000 0.000000 0.352492 0.000000
0.137919 0.000000 0.073420 0.031405 0.176617 0.000000 0.298043 0.000000 0.000000 0.000000 0.110087 0.136244 0.227384 0.000000 0.198298 0.000000 0.000000 0.416178 0.000000 0.093122 0.000000 0.000000 0.000000 0.185388 0.000000 0.000000 0.000000 0.000000 0.233112 0.000000 0.150940 0.000000 0.140997 0.000000 0.088930 0.060599 0.000000 0.334885 0.000000 0.000000 0.215639 0.038799 0.000000 0.002896 0.000000 0.000000 0.150207 0.100055 0.000000 0.000000 0.157151 0.078827 0.000000 0.000000 0.307762 0.000000
0.182342 0.000000 0.000000 0.000000 0.220197 0.000000 0.229544 0.000000 0.025885 0.000000 0.272614 0.000000 0.108467 0.000000 0.055361 0.000000 0.000000 0.327112 0.000000 0.191520 0.000000 0.000000 0.073337 0.298185 0.000000 0.000000 0.000000 0.000000 0.080763 0.000000 0.203152 0.000000 0.000000 0.000000 0.094847 0.000000 0.000000 0.254350 0.000000 0.101455 0.235631 0.000000 0.000000 0.083745 0.000000 0.000000 0.337885 0.000000 0.000000 0.075999 0.155379 0.000000 0.000000 0.000000 0.296592 0.000000
0.057083 0.049608 0.000000 0.166741 0.187939 0.000000 0.323011 0.000000 0.157933 0.013331 0.297114 0.000000 0.202172 0.200424 0.000000 0.000000 0.052464 0.000000 0.000000 0.086987 0.000000 0.238571 0.033892 0.264329 0.000000 0.000000 0.000089 0.021512 0.000000 0.000000 0.048628 0.075310 0.000000 0.000000 0.158942 0.000000 0.000000 0.039489 0.000000 0.141666 0.177251 0.000000 0.135675 0.000000 0.000000 0.038739 0.042847 0.000000 0.163500 0.020794 0.050724 0.000000 0.000000 0.133768 0.187086 0.000000
0.000000 0.068752 0.000000 0.142749 0.026581 0.000000 0.000000 0.000000 0.143812 0.050594 0.226733 0.000000 0.255870 0.000000 0.000000 0.121481 0.000000 0.000000 0.089942 0.000000 0.000000 0.264679 0.111985 0.059799 0.000000 0.000000 0.159529 0.000000 0.000000 0.013911 0.000000 0.000000 0.000000 0.042644 0.028496 0.000000 0.000000 0.000000 0.000000 0.024533 0.100054 0.000000 0.112461 0.000000 0.249645 0.000000 0.000000 0.325889 0.000000 0.000000 0.000000 0.000000 0.000000 0.556210 0.000000 0.244351
0.000000 0.072265 0.000000 0.000000 0.216923 0.000000 0.000000 0.106771 0.221798 0.000000 0.046074 0.000000 0.087895 0.000000 0.000000 0.000000 0.104967 0.047825 0.000000 0.000000 0.075654 0.183105 0.031196 0.000000 0.000000 0.189864 0.004791 0.000000 0.000000 0.165931 0.000000 0.000000 0.024239 0.000000 0.000000 0.004560 0.000000 0.000000 0.022828 0.000000 0.125480 0.000000 0.000000 0.145494 0.145773 0.026367 0.000000 0.287307 0.000000 0.277737 0.000000 0.000000 0.116548 0.446583 0.000000 0.540407
0.000000 0.027191 0.000000 0.000000 0.154551 0.000000 0.025181 0.067744 0.180436 0.000000 0.000000 0.005876 0.000000 0.000000 0.031714 0.075358 0.141323 0.000000 0.000000 0.025116 0.079017 0.044832 0.000000 0.023413 0.000000 0.319566 0.000000 0.229404 0.000000 0.292091 0.000000 0.000000 0.214712 0.000000 0.008128 0.000000 0.000000 0.000000 0.139036 0.000000 0.359780 0.000000 0.135476 0.383932 0.034895 0.274749 0.000000 0.267732 0.000000 0.173906 0.000000 0.028574 0.246214 0.151757 0.000000 0.658981
0.000000 0.000000 0.000000 0.000000 0.000000 0.000000 0.000000 0.092802 0.000000 0.000000 0.150306 0.115085 0.000000 0.313427 0.000000 0.106874 0.000000 0.000000 0.046968 0.106250 0.000000 0.000000 0.000000 0.223071 0.412325 0.139194 0.000000 0.253377 0.000000 0.164443 0.000000 0.242201 0.000000 0.000000 0.209903 0.000000 0.039851 0.201407 0.098525 0.036493 0.274723 0.000000 0.128113 0.000000 0.005020 0.062733 0.000000 0.311498 0.000000 0.071396 0.000000 0.220635 0.053341 0.066937 0.000000 0.097065
0.042958 0.055349 0.000000 0.000000 0.000000 0.390301 0.000000 0.248632 0.000000 0.000000 0.117911 0.271797 0.000000 0.134454 0.000000 0.217357 0.000000 0.000000 0.251070 0.000000 0.000000 0.131749 0.000000 0.602413 0.195876 0.000000 0.000000 0.149958 0.000000 0.000000 0.000000 0.280042 0.000000 0.000000 0.344627 0.014851 0.188086 0.068484 0.128980 0.000000 0.000000 0.000000 0.026318 0.078423 0.000000 0.000000 0.265985 0.000000 0.154397 0.049543 0.000000 0.145149 0.000000 0.021558 0.000000 0.000000
0.029727 0.000000 0.000000 0.000000 0.000000 0.000000 0.000000 0.191797 0.000000 0.000000 0.341832 0.177942 0.000000 0.000000 0.000000 0.000000 0.000000 0.066123 0.048898 0.000000 0.012338 0.000000 0.000000 0.257366 0.000000 0.000000 0.000000 0.000000 0.000000 0.059408 0.024338 0.032295 0.000000 0.177039 0.040714 0.086509 0.000971 0.000000 0.032070 0.000000 0.000000 0.000000 0.208756 0.026717 0.000000 0.051968 0.028582 0.000000 0.267145 0.000000 0.087719 0.000000 0.000000 0.186146 0.000000 0.000000
