0.500951 0.553165 0.560580 0.341846 0.052109 0.429817 0.669951 0.533083 0.336503 0.210396 0.307607 0.372216 0.123787 0.212396 0.301055 0.512491 0.335182 0.515912 0.442585 0.453171 0.531120 0.565835 0.456693 0.465225 0.552761 0.365523 0.588495 0.550922
0.636011 0.517034 0.540069 0.257100 0.043483 0.196278 0.614628 0.449343 0.365441 0.543000 0.284933 0.383985 0.407710 0.260572 0.092803 0.271732 0.341458 0.231941 0.277975 0.508215 0.470062 0.418704 0.307306 0.433733 0.487700 0.423213 0.419321 0.493737
0.514224 0.326965 0.057209 0.021834 0.000000 0.000000 0.255314 0.296212 0.326279 0.370746 0.386606 0.453903 0.262789 0.205938 0.277442 0.199637 0.122998 0.215227 0.436468 0.221662 0.368139 0.257233 0.148951 0.488909 0.412238 0.421307 0.319865 0.279955
0.468864 0.232776 0.358538 0.000000 0.000000 0.000000 0.000000 0.000000 0.119934 0.199808 0.277557 0.378596 0.321498 0.255363 0.475810 0.395118 0.059420 0.221139 0.136057 0.266177 0.359272 0.282530 0.152356 0.328313 0.509591 0.280992 0.316435 0.295603
0.399538 0.393324 0.135798 0.000000 0.413909 0.000000 0.000000 0.081947 0.230595 0.000000 0.357799 0.466205 0.286671 0.246468 0.337787 0.228562 0.132324 0.245290 0.388403 0.089241 0.088900 0.120382 0.117090 0.124443 0.228391 0.423999 0.500042 0.223800
0.179924 0.464195 0.123248 0.000000 0.232126 0.109133 0.000000 0.000000 0.067762 0.000000 0.320264 0.398292 0.246089 0.311049 0.405444 0.143464 0.358544 0.348356 0.388516 0.283212 0.188004 0.184347 0.153517 0.204687 0.326646 0.395438 0.354171 0.000000
0.184435 0.448179 0.206554 0.000000 0.000000 0.000000 0.000000 0.000000 0.000000 0.000000 0.238912 0.507213 0.399281 0.540910 0.478774 0.363867 0.340074 0.210593 0.290071 0.279371 0.305098 0.344046 0.134627 0.268354 0.219992 0.354950 0.308815 0.368055
0.267317 0.422247 0.571486 0.394292 0.260312 0.000000 0.000000 0.000000 0.000000 0.000000 0.000000 0.359174 0.566638 0.492070 0.294198 0.475679 0.491209 0.136102 0.172837 0.278919 0.398976 0.279764 0.173964 0.118066 0.050913 0.276892 0.157419 0.063590
0.007531 0.099733 0.000000 0.000000 0.020839 0.022873 0.000000 0.000000 0.000000 0.000000 0.000000 0.078283 0.507505 0.346575 0.348211 0.121066 0.418338 0.221348 0.036326 0.216646 0.324892 0.049541 0.050000 0.198621 0.129204 0.034914 0.043070 0.016720
0.000000 0.000000 0.000000 0.013487 0.000000 0.000000 0.000000 0.000000 0.000000 0.000000 0.000000 0.000000 0.344864 0.353155 0.171156 0.023340 0.036780 0.083177 0.001062 0.113965 0.089430 0.089224 0.084910 0.048279 0.046446 0.045691 0.015721 0.000000
0.000000 0.000000 0.000000 0.000000 0.000000 0.000000 0.000000 0.000000 0.000000 0.000000 0.000000 0.000000 0.000000 0.147539 0.000000 0.000000 0.000000 0.000000 0.004445 0.000000 0.000000 0.000000 0.000000 0.059034 0.072315 0.005519 0.031504 0.000000
0.000000 0.000000 0.000000 0.000000 0.000000 0.000000 0.000000 0.000000 0.000000 0.000000 0.000000 0.000000 0.000000 0.000000 0.000000 0.058969 0.000000 0.000000 0.136805 0.144208 0.000000 0.000000 0.000000 0.016964 0.046743 0.049544 0.000000 0.000000
0.000000 0.000000 0.000000 0.000000 0.000000 0.000000 0.000000 0.000000 0.000000 0.000000 0.000000 0.000000 0.000000 0.000000 0.000000 0.040493 0.122553 0.000000 0.000000 0.041823 0.074544 0.005608 0.058520 0.030425 0.000000 0.000000 0.000000 0.000000
0.000000 0.000000 0.000000 0.000000 0.000000 0.000000 0.000000 0.000000 0.000000 0.000000 0.000000 0.000000 0.000000 0.000000 0.000000 0.000000 0.068842 0.038014 0.060458 0.013224 0.000000 0.041974 0.088643 0.077125 0.000000 0.000000 0.000000 0.000000
0.000000 0.000000 0.000000 0.000000 0.000000 0.000000 0.000000 0.000000 0.000000 0.000000 0.000000 0.000000 0.000000 0.000000 0.000000 0.000000 0.029883 0.127783 0.020423 0.061437 0.035040 0.000000 0.000000 0.000000 0.016187 0.000000 0.094559 0.000000
0.000000 0.000000 0.000000 0.000000 0.000000 0.000000 0.000000 0.000000 0.000000 0.000000 0.000000 0.000000 0.000000 0.000000 0.000000 0.000000 0.000000 0.009693 0.078609 0.000000 0.000000 0.000000 0.000000 0.000000 0.000000 0.000000 0.000000 0.000000
0.000000 0.000000 0.000000 0.000000 0.000000 0.000000 0.000000 0.000000 0.000000 0.000000 0.000000 0.000000 0.000000 0.000000 0.000000 0.000000 0.000000 0.018612 0.000000 0.058628 0.000000 0.032510 0.000000 0.000000 0.001286 0.000000 0.032236 0.025992
0.001486 0.000000 0.000000 0.000000 0.000000 0.000000 0.000000 0.000000 0.000000 0.000000 0.000000 0.000000 0.000000 0.000000 0.000000 0.000000 0.000000 0.000000 0.016239 0.080818 0.000000 0.000000 0.024599 0.006936 0.000000 0.000000 0.041066 0.000000
0.069048 0.111444 0.000000 0.000000 0.000000 0.000000 0.000000 0.000000 0.000000 0.000000 0.000000 0.000000 0.000000 0.000000 0.000000 0.000000 0.000000 0.000000 0.114754 0.034288 0.070157 0.000000 0.062947 0.000000 0.000000 0.000000 0.023284 0.000000
0.128625 0.104025 0.000000 0.000000 0.000000 0.000000 0.000000 0.000000 0.000000 0.000000 0.000000 0.000000 0.000000 0.000000 0.000000 0.000000 0.000000 0.000000 0.000000 0.028695 0.019700 0.062788 0.048708 0.000000 0.000000 0.000000 0.000000 0.000000
0.167226 0.115982 0.059106 0.000000 0.000000 0.016066 0.000000 0.000000 0.000000 0.000000 0.000000 0.000000 0.000000 0.000000 0.000000 0.000000 0.000000 0.000000 0.000000 0.000000 0.000000 0.023097 0.000000 0.000000 0.000000 0.000000 0.034521 0.000000
0.119216 0.077248 0.047938 0.000000 0.059644 0.037013 0.128988 0.000000 0.000000 0.000000 0.000000 0.000000 0.000000 0.000000 0.000000 0.000000 0.000000 0.000000 0.000000 0.000000 0.000000 0.000000 0.000000 0.000000 0.000000 0.000000 0.000000 0.000000
0.130974 0.185555 0.204051 0.009655 0.000000 0.000000 0.069341 0.000000 0.000000 0.000000 0.000000 0.000000 0.000000 0.000000 0.000000 0.000000 0.000000 0.000000 0.000000 0.000000 0.000000 0.000000 0.000000 0.000000 0.000000 0.000000 0.000000 0.000000
0.176480 0.018215 0.109519 0.000000 0.000000 0.000000 0.143155 0.063134 0.050417 0.000000 0.000000 0.000000 0.000000 0.000000 0.000000 0.000000 0.000000 0.000000 0.000000 0.000000 0.000000 0.000000 0.000000 0.000000 0.000000 0.000000 0.000000 0.000000
0.112846 0.244466 0.179263 0.000000 0.000000 0.042337 0.110872 0.236067 0.051397 0.000000 0.000000 0.000000 0.000000 0.000000 0.000000 0.000000 0.000000 0.000000 0.000000 0.000000 0.000000 0.000000 0.000000 0.000000 0.000000 0.000000 0.000000 0.000000
0.171308 0.171932 0.143112 0.023933 0.165897 0.343301 0.140744 0.151395 0.183097 0.026722 0.000000 0.066162 0.022997 0.000000 0.000000 0.000000 0.000000 0.000000 0.000000 0.000000 0.000000 0.000000 0.000000 0.000000 0.000000 0.000000 0.000000 0.000000
0.096633 0.061666 0.115935 0.143053 0.309834 0.179566 0.204286 0.180706 0.142547 0.135573 0.154926 0.244294 0.045832 0.005430 0.000000 0.000000 0.000000 0.000000 0.000000 0.000000 0.000000 0.029435 0.091712 0.162249 0.091758 0.000000 0.000000 0.000000
0.048578 0.080761 0.023442 0.102202 0.129065 0.111122 0.082303 0.080585 0.165219 0.172039 0.092885 0.021360 0.089741 0.000000 0.043155 0.052723 0.000000 0.086968 0.117774 0.211561 0.354159 0.215439 0.105579 0.201324 0.167011 0.132765 0.107366 0.168099
