0.152499 0.000000 0.036718 0.134446 0.267970 0.163433 0.076758 0.060033 0.104236 0.094821 0.000000 0.094229 0.079353 0.103334
0.161425 0.132186 0.000000 0.000000 0.184354 0.075758 0.000000 0.008693 0.064447 0.156286 0.094455 0.128500 0.025083 0.083771
0.117575 0.250126 0.213647 0.000000 0.049568 0.118917 0.189667 0.229792 0.258150 0.223448 0.063459 0.082472 0.163202 0.227893
0.000000 0.000000 0.000000 0.060330 0.045180 0.104415 0.174596 0.187756 0.200174 0.114705 0.042614 0.039308 0.151107 0.274921
0.000000 0.000000 0.000000 0.144713 0.079332 0.030789 0.101096 0.145269 0.129299 0.068500 0.065387 0.077723 0.089135 0.197453
0.134143 0.111936 0.000879 0.023853 0.040484 0.084401 0.152532 0.215064 0.158118 0.099106 0.122333 0.116335 0.025204 0.149178
0.195290 0.192852 0.117509 0.048556 0.070695 0.128071 0.172422 0.169579 0.102227 0.116010 0.120489 0.092715 0.073875 0.167780
0.140176 0.126768 0.091126 0.061555 0.122627 0.115090 0.144927 0.121917 0.081291 0.143644 0.193961 0.166368 0.095572 0.120884
0.131345 0.105237 0.154370 0.142364 0.101412 0.067644 0.086373 0.061115 0.071591 0.178209 0.247575 0.198951 0.132131 0.177717
0.146412 0.109958 0.177071 0.112782 0.105698 0.133673 0.129766 0.140373 0.134004 0.061423 0.141427 0.121590 0.114130 0.211523
0.092613 0.121740 0.170170 0.104988 0.169260 0.255390 0.255466 0.180860 0.033030 0.000000 0.066228 0.097317 0.061891 0.119489
0.064459 0.124467 0.149970 0.078994 0.110558 0.189077 0.147998 0.077670 0.035419 0.065813 0.084094 0.093255 0.004090 0.084922
0.143381 0.139001 0.037063 0.000000 0.000000 0.052837 0.037787 0.032040 0.102249 0.119366 0.115303 0.000000 0.000000 0.123302
0.166594 0.148203 0.011751 0.068191 0.047972 0.090894 0.116876 0.018951 0.130318 0.085000 0.068239 0.000000 0.000000 0.172862
