0.251014 0.198709 0.223687 0.129538 0.232385 0.178195 0.224970 0.154794 0.171427 0.156660 0.073431 0.108955 0.251979 0.310092 0.273815 0.270375 0.238173 0.195965 0.187007 0.200590 0.168244 0.192655 0.168817 0.262771 0.198156 0.185027 0.204898 0.307982
0.231037 0.091127 0.059642 0.030827 0.087168 0.148113 0.035030 0.041930 0.091783 0.090097 0.016346 0.032717 0.048843 0.101706 0.188852 0.048552 0.114448 0.167424 0.130214 0.097839 0.140117 0.213751 0.097443 0.064669 0.160520 0.000000 0.021235 0.094117
0.183026 0.000000 0.000000 0.093222 0.048349 0.078967 0.000000 0.000000 0.000000 0.077200 0.078690 0.220539 0.120409 0.260229 0.214153 0.189806 0.190306 0.055728 0.106486 0.103981 0.154532 0.061349 0.194314 0.178285 0.207187 0.156048 0.164073 0.287957
0.216237 0.000000 0.000000 0.000000 0.190867 0.146729 0.079795 0.000000 0.026567 0.000000 0.197597 0.127982 0.176657 0.209354 0.202319 0.195056 0.100106 0.158608 0.244792 0.266792 0.256576 0.223134 0.204555 0.197678 0.175014 0.323424 0.257638 0.196803
0.195389 0.026987 0.000000 0.000000 0.000000 0.000000 0.112415 0.073562 0.000000 0.065521 0.073216 0.184308 0.267323 0.225932 0.165118 0.137410 0.083711 0.169192 0.170322 0.225240 0.203382 0.141586 0.153782 0.191652 0.162603 0.130910 0.177386 0.253412
0.183262 0.032199 0.000000 0.077597 0.000000 0.000000 0.047187 0.125156 0.034088 0.084675 0.102071 0.125720 0.140337 0.214599 0.125073 0.118909 0.173494 0.179036 0.106766 0.076188 0.144735 0.120750 0.146583 0.188913 0.161648 0.137512 0.176404 0.155616
0.000000 0.000000 0.000000 0.000000 0.084587 0.050780 0.141405 0.147475 0.134205 0.093872 0.000000 0.048838 0.132880 0.144744 0.146039 0.028865 0.137564 0.081391 0.127854 0.133561 0.124096 0.236727 0.242690 0.181269 0.072759 0.028637 0.115192 0.168325
0.039389 0.063185 0.151958 0.011270 0.000000 0.000000 0.101995 0.201977 0.208443 0.220532 0.114162 0.096973 0.084415 0.095417 0.090267 0.084444 0.094396 0.186076 0.218603 0.170367 0.147587 0.178702 0.166839 0.129669 0.063922 0.038282 0.072036 0.061857
0.084428 0.000000 0.000000 0.000000 0.028801 0.138156 0.174073 0.259892 0.243418 0.171181 0.228876 0.175144 0.013974 0.190207 0.151894 0.229336 0.074021 0.028248 0.200389 0.100723 0.090448 0.121925 0.197653 0.161506 0.120389 0.074858 0.176865 0.284263
0.142057 0.118327 0.060720 0.155298 0.222148 0.197675 0.284881 0.265872 0.227808 0.216305 0.140756 0.072198 0.000000 0.098681 0.130138 0.230480 0.216983 0.202671 0.146710 0.160413 0.190940 0.177258 0.190190 0.253177 0.166146 0.213060 0.196561 0.210532
0.152480 0.168063 0.204107 0.244441 0.215329 0.319514 0.312194 0.266120 0.156733 0.202538 0.173154 0.200983 0.042595 0.028875 0.182068 0.212322 0.250279 0.314177 0.294426 0.164995 0.214373 0.194118 0.193595 0.243463 0.225727 0.211738 0.175675 0.137574
0.074763 0.066088 0.126141 0.118723 0.133495 0.232092 0.157335 0.180181 0.137215 0.206387 0.214281 0.190802 0.194961 0.082932 0.067992 0.140284 0.211054 0.184489 0.205716 0.225633 0.233515 0.191582 0.226802 0.150811 0.232333 0.247830 0.248859 0.257898
0.085492 0.144465 0.098826 0.223032 0.275261 0.240586 0.295004 0.256237 0.212853 0.167350 0.193181 0.207841 0.158211 0.180335 0.067532 0.000000 0.153579 0.230202 0.246217 0.161205 0.165214 0.273978 0.212942 0.203796 0.263703 0.281952 0.290031 0.329646
0.173821 0.189622 0.271473 0.276032 0.230892 0.253929 0.250534 0.261138 0.186365 0.217986 0.213116 0.193720 0.167081 0.213491 0.192885 0.163115 0.130645 0.201574 0.218893 0.257919 0.295147 0.325673 0.207373 0.212951 0.326756 0.306474 0.218121 0.236824
0.142774 0.176152 0.206521 0.236843 0.293832 0.195488 0.196145 0.214039 0.190717 0.165148 0.227403 0.187722 0.277266 0.259769 0.202095 0.210451 0.003320 0.058230 0.176737 0.268150 0.245178 0.273785 0.280947 0.245062 0.299046 0.269181 0.221451 0.250757
0.185970 0.235493 0.234353 0.222592 0.224609 0.166984 0.200990 0.174345 0.176842 0.186559 0.266134 0.284870 0.220129 0.220194 0.176819 0.176404 0.074362 0.074576 0.156751 0.174916 0.225125 0.170982 0.219495 0.244805 0.257480 0.164837 0.196133 0.267050
0.145601 0.187349 0.206533 0.226472 0.209594 0.234123 0.176823 0.213446 0.171421 0.245479 0.238812 0.262046 0.243397 0.251234 0.208397 0.186967 0.150210 0.082361 0.176290 0.251587 0.256079 0.236220 0.265116 0.294652 0.238050 0.104950 0.099703 0.298667
0.128911 0.092674 0.170569 0.190983 0.182915 0.116700 0.217742 0.242948 0.289988 0.160044 0.215717 0.196579 0.212447 0.289317 0.250202 0.194620 0.196420 0.111384 0.113518 0.237649 0.209188 0.191011 0.210492 0.208829 0.245312 0.265328 0.314007 0.279284
0.196211 0.000000 0.065642 0.133462 0.169292 0.185993 0.271440 0.216679 0.207568 0.165644 0.177711 0.181833 0.166433 0.214994 0.203401 0.200757 0.182444 0.201794 0.144123 0.194431 0.270675 0.154732 0.213331 0.198067 0.228576 0.259627 0.228696 0.323710
0.204301 0.139964 0.025771 0.161699 0.170991 0.215939 0.196496 0.170372 0.205380 0.217896 0.192757 0.208776 0.161513 0.212254 0.274874 0.285718 0.226717 0.227507 0.091686 0.054151 0.198375 0.155778 0.179391 0.173846 0.000000 0.056484 0.081573 0.168676
0.215162 0.156384 0.154903 0.115961 0.039553 0.105239 0.136003 0.143851 0.249918 0.274095 0.244602 0.242737 0.295796 0.198308 0.257096 0.270862 0.218230 0.223120 0.225969 0.165322 0.107866 0.166611 0.095175 0.140670 0.077224 0.000000 0.000000 0.109583
0.149510 0.094530 0.243381 0.169176 0.169729 0.202253 0.218019 0.048169 0.205757 0.186244 0.038506 0.041177 0.096968 0.054537 0.107063 0.179323 0.150273 0.140482 0.199986 0.221496 0.198029 0.150321 0.000000 0.105918 0.139223 0.114703 0.092764 0.211129
0.245756 0.179376 0.267010 0.105490 0.179833 0.292132 0.310859 0.158884 0.129983 0.057195 0.090382 0.191640 0.167197 0.210031 0.127120 0.089469 0.081430 0.122775 0.169953 0.150711 0.183176 0.197933 0.217342 0.129080 0.132240 0.192012 0.178567 0.151479
0.182793 0.129077 0.242056 0.113931 0.274930 0.206716 0.122842 0.102587 0.166260 0.199307 0.253372 0.247958 0.209834 0.259533 0.210163 0.198937 0.170147 0.234578 0.197723 0.264719 0.195097 0.171942 0.252383 0.185413 0.129668 0.148233 0.162385 0.212086
0.178919 0.177139 0.280061 0.186886 0.214019 0.078139 0.000000 0.027369 0.183506 0.282357 0.258448 0.132085 0.135655 0.271174 0.210012 0.205664 0.161646 0.232770 0.262865 0.211984 0.131685 0.191308 0.243407 0.225391 0.181608 0.167265 0.162395 0.224494
0.326470 0.272360 0.350042 0.310945 0.145141 0.043750 0.070187 0.180061 0.209728 0.149759 0.124672 0.258981 0.153278 0.126163 0.149666 0.229746 0.223851 0.243306 0.191810 0.147897 0.068006 0.058847 0.224345 0.148986 0.128117 0.091796 0.078917 0.192108
0.288292 0.215642 0.163820 0.182625 0.174601 0.206171 0.377532 0.225431 0.174231 0.023085 0.061751 0.156996 0.027569 0.198033 0.263292 0.278322 0.245291 0.159157 0.053591 0.137721 0.089991 0.000000 0.000000 0.029616 0.067235 0.039348 0.024159 0.019826
0.364365 0.376973 0.455576 0.371555 0.347201 0.195472 0.242406 0.332911 0.326090 0.327527 0.404305 0.229724 0.170511 0.274922 0.313605 0.222683 0.122201 0.114813 0.000000 0.169088 0.279932 0.124142 0.218565 0.252215 0.264450 0.360464 0.244069 0.313526
