0.113393 0.073076 0.497022 0.000000 0.000000 0.158139 0.070623 0.069097 0.092517 0.130115 0.185981 0.086010 0.083445 0.054790
0.668586 0.639417 0.248722 0.001960 0.000000 0.000000 0.000000 0.084398 0.134913 0.165462 0.232616 0.100487 0.077551 0.000000
0.244077 0.287210 0.171543 0.241928 0.564317 0.232389 0.000000 0.039712 0.105505 0.077175 0.090906 0.040471 0.085849 0.000000
0.079264 0.194729 0.129096 0.141540 0.398961 0.425816 0.000000 0.035018 0.004554 0.000000 0.000000 0.069925 0.174608 0.012054
0.066052 0.104566 0.000000 0.000000 0.008900 0.292434 0.000000 0.000000 0.143770 0.141167 0.119396 0.130492 0.169643 0.069810
0.066464 0.073825 0.025903 0.062817 0.120057 0.250854 0.127046 0.000000 0.011370 0.104631 0.080198 0.114262 0.154339 0.030633
0.000176 0.022133 0.054577 0.124170 0.138686 0.144116 0.083666 0.296293 0.000000 0.041801 0.056108 0.082608 0.099988 0.078747
0.041883 0.065311 0.116687 0.080167 0.094259 0.164556 0.105246 0.037434 0.401817 0.000000 0.000000 0.061332 0.139268 0.071910
0.000000 0.076843 0.097163 0.050886 0.084824 0.151297 0.151777 0.054421 0.338599 0.232779 0.004071 0.105689 0.150047 0.075891
0.000000 0.000000 0.069006 0.113360 0.120462 0.181012 0.183849 0.128141 0.168170 0.230149 0.008982 0.104545 0.062792 0.000000
0.000000 0.000000 0.000000 0.015120 0.133003 0.120422 0.137960 0.126054 0.146745 0.075702 0.070822 0.083106 0.086213 0.232847
0.000000 0.000000 0.000000 0.000000 0.071886 0.155275 0.227362 0.262305 0.280894 0.224875 0.164695 0.195160 0.175780 0.438364
0.149972 0.007978 0.065407 0.152154 0.192127 0.289442 0.261945 0.304029 0.232913 0.222045 0.212455 0.262029 0.221090 0.198584
0.035497 0.004231 0.058033 0.062643 0.075099 0.175488 0.140410 0.282655 0.195590 0.166216 0.156361 0.243345 0.188634 0.135325
