0.070231 0.061418 0.089807 0.132087 0.178362 0.052773 0.046616 0.014915 0.000000 0.000000 0.000000 0.000000 0.000000 0.000000 0.062299 0.060691 0.000000 0.029432 0.005422 0.006523 0.062123 0.046512 0.028010 0.002478 0.039418 0.000000 0.056144 0.064231
0.079008 0.042175 0.068215 0.142970 0.138607 0.060466 0.031714 0.000000 0.000000 0.000000 0.000000 0.000000 0.000000 0.000000 0.000000 0.003803 0.002813 0.000000 0.000000 0.026660 0.051654 0.046097 0.016043 0.000000 0.004743 0.003321 0.058405 0.059897
0.051997 0.057452 0.036377 0.058015 0.046354 0.067352 0.073027 0.040280 0.097772 0.056724 0.000000 0.000000 0.000000 0.000000 0.000000 0.000000 0.000000 0.000000 0.000000 0.000000 0.000000 0.000000 0.000000 0.000000 0.001478 0.018457 0.000000 0.000000
0.000000 0.041229 0.072442 0.035746 0.036078 0.050504 0.063998 0.126724 0.212394 0.038118 0.000000 0.000000 0.000000 0.000000 0.050409 0.011398 0.000000 0.000000 0.000000 0.000000 0.000000 0.000000 0.000000 0.000000 0.014195 0.000000 0.000000 0.000000
0.000000 0.116688 0.053592 0.054375 0.070236 0.065445 0.044337 0.123817 0.217568 0.079486 0.000000 0.014479 0.000000 0.000000 0.000000 0.000000 0.000000 0.000000 0.000000 0.000000 0.000000 0.000000 0.000000 0.000000 0.017982 0.071695 0.087918 0.057399
0.000000 0.086710 0.091084 0.049542 0.068406 0.100009 0.050513 0.062904 0.130363 0.083657 0.000000 0.000000 0.000000 0.000000 0.000000 0.000000 0.000000 0.007952 0.000000 0.000000 0.000000 0.000000 0.000000 0.068764 0.105225 0.108709 0.103462 0.068785
0.122268 0.205710 0.121465 0.059476 0.061928 0.041437 0.052608 0.055475 0.077019 0.063527 0.041098 0.000000 0.001643 0.019444 0.000000 0.000000 0.000000 0.003790 0.000000 0.000000 0.000000 0.016106 0.036572 0.060559 0.070574 0.105068 0.091180 0.107847
0.191504 0.240860 0.217820 0.219851 0.148014 0.039364 0.055514 0.056143 0.062617 0.050618 0.061096 0.013352 0.005382 0.005417 0.000000 0.000000 0.009461 0.000000 0.000000 0.000000 0.007337 0.018379 0.005652 0.000000 0.008720 0.099122 0.073638 0.056842
0.063912 0.075021 0.083383 0.078872 0.065086 0.054869 0.043202 0.051090 0.058915 0.055106 0.047243 0.036997 0.000000 0.000000 0.000000 0.000000 0.039907 0.000000 0.000000 0.011180 0.048042 0.000000 0.000000 0.000000 0.000000 0.000000 0.000000 0.000000
0.061329 0.064356 0.074383 0.061927 0.044585 0.035916 0.034127 0.035539 0.050536 0.051921 0.038630 0.053630 0.050655 0.054736 0.007841 0.001422 0.000000 0.000000 0.000000 0.000000 0.000000 0.019989 0.000000 0.000000 0.000000 0.000000 0.000000 0.000000
0.061915 0.064682 0.036600 0.032070 0.030315 0.037388 0.044276 0.043047 0.051045 0.063481 0.065939 0.052135 0.075046 0.019608 0.000000 0.000000 0.000000 0.000000 0.000000 0.000000 0.000000 0.000000 0.000000 0.000000 0.000000 0.000000 0.000000 0.000000
0.062447 0.061662 0.053677 0.042988 0.036521 0.054250 0.054161 0.053570 0.056894 0.043753 0.055105 0.052413 0.054817 0.052965 0.000000 0.000000 0.000000 0.000000 0.000000 0.000000 0.000000 0.000000 0.000000 0.000000 0.000000 0.000000 0.000000 0.000000
0.060697 0.054191 0.052476 0.050630 0.039600 0.039529 0.042319 0.029356 0.033668 0.048099 0.045102 0.059310 0.045992 0.047996 0.062419 0.002607 0.000000 0.000000 0.000000 0.000000 0.000000 0.000000 0.000000 0.000000 0.000000 0.000000 0.000000 0.000000
0.066294 0.050927 0.047603 0.040770 0.034318 0.033635 0.038426 0.033654 0.035111 0.042002 0.041349 0.047450 0.038468 0.036924 0.052349 0.078987 0.000000 0.000000 0.000000 0.000000 0.000000 0.000000 0.000000 0.000000 0.000000 0.000000 0.000000 0.000000
0.052496 0.037618 0.039492 0.044096 0.026109 0.027231 0.043279 0.038374 0.047154 0.034365 0.035293 0.044021 0.029882 0.042336 0.041550 0.052662 0.026379 0.000000 0.000000 0.000000 0.000000 0.000000 0.000000 0.000000 0.000000 0.000000 0.000000 0.000000
0.050295 0.043761 0.032476 0.032491 0.037233 0.043443 0.037317 0.040721 0.032185 0.035285 0.022147 0.031197 0.038852 0.046785 0.038247 0.046367 0.035055 0.000000 0.000000 0.000000 0.000000 0.000000 0.000000 0.000000 0.000000 0.000000 0.000000 0.000000
0.035114 0.035500 0.039770 0.035367 0.041405 0.041404 0.035775 0.030060 0.015518 0.022281 0.029778 0.032348 0.029367 0.036484 0.043716 0.044427 0.056077 0.027127 0.000000 0.000000 0.000000 0.000000 0.000000 0.000000 0.000000 0.000000 0.000000 0.000000
0.008267 0.017894 0.014069 0.023412 0.033526 0.032743 0.029175 0.018506 0.021412 0.027313 0.033571 0.038500 0.034531 0.035472 0.045953 0.048100 0.046304 0.073649 0.000000 0.000000 0.000000 0.000000 0.000000 0.000000 0.000000 0.000000 0.000000 0.000000
0.000000 0.000000 0.010382 0.003991 0.010002 0.022419 0.027958 0.016041 0.016546 0.029942 0.037837 0.038427 0.043945 0.037802 0.040724 0.038242 0.041242 0.061026 0.040448 0.000000 0.000000 0.000000 0.000000 0.000000 0.000000 0.000000 0.000000 0.000000
0.000000 0.000000 0.000000 0.000000 0.001645 0.010939 0.028046 0.024546 0.015416 0.021941 0.031152 0.031012 0.045151 0.031040 0.025082 0.034102 0.039183 0.048277 0.060782 0.030926 0.000000 0.000000 0.000000 0.000000 0.000000 0.000000 0.000000 0.000000
0.000000 0.000000 0.000000 0.019915 0.025529 0.030021 0.029881 0.010925 0.012535 0.016023 0.022393 0.031706 0.037499 0.027988 0.035173 0.043982 0.043191 0.046959 0.048831 0.043622 0.042215 0.000000 0.000000 0.004579 0.000000 0.001330 0.000000 0.000000
0.000000 0.000000 0.000000 0.015619 0.024887 0.039724 0.025681 0.009069 0.012123 0.012869 0.014200 0.033834 0.042456 0.055603 0.049166 0.048539 0.041949 0.044773 0.050105 0.042026 0.025676 0.028405 0.020329 0.013728 0.017282 0.016358 0.007581 0.000000
0.000000 0.000000 0.000000 0.000000 0.002361 0.017704 0.015736 0.000000 0.000000 0.005192 0.004313 0.015665 0.022088 0.035407 0.042845 0.040953 0.039989 0.043588 0.044155 0.048909 0.030065 0.015526 0.030597 0.040847 0.028351 0.019942 0.018896 0.003160
0.000000 0.000000 0.000000 0.021942 0.003926 0.010084 0.006024 0.000000 0.000000 0.000000 0.000000 0.001314 0.014642 0.030858 0.033518 0.026237 0.028457 0.032506 0.035991 0.043570 0.037252 0.022668 0.034002 0.053088 0.044078 0.022739 0.022998 0.019401
0.000000 0.000000 0.000000 0.042764 0.000000 0.000000 0.002450 0.000762 0.000000 0.000000 0.000000 0.024834 0.021441 0.025168 0.021416 0.033449 0.030183 0.029870 0.025216 0.030359 0.053997 0.038241 0.021241 0.031241 0.030213 0.013107 0.012896 0.016944
0.000000 0.000000 0.000000 0.000000 0.000000 0.000000 0.000000 0.000000 0.000000 0.000000 0.000000 0.000000 0.000000 0.004643 0.022038 0.028757 0.037354 0.038494 0.028921 0.030140 0.013534 0.022641 0.022435 0.021788 0.016097 0.000000 0.000000 0.000000
0.000000 0.000000 0.000000 0.000000 0.000000 0.000000 0.000000 0.000000 0.000000 0.000000 0.000000 0.000000 0.000000 0.000000 0.001142 0.001681 0.013810 0.009376 0.005576 0.002612 0.000000 0.000000 0.000000 0.000000 0.000000 0.000000 0.000000 0.000000
0.000000 0.000000 0.000000 0.000000 0.000000 0.000000 0.000000 0.000000 0.000000 0.000000 0.000000 0.013032 0.000000 0.000000 0.003495 0.000000 0.000000 0.000000 0.000000 0.000000 0.000000 0.000000 0.000000 0.000000 0.000000 0.000000 0.000000 0.000000
