0.103320 0.478878 0.260806 0.052728 0.000000 0.000000 0.000000 0.000000 0.000000 0.138022 0.155721 0.116682 0.000000 0.000000
0.269326 0.314127 0.305558 0.220320 0.000000 0.092524 0.000000 0.054651 0.285713 0.185740 0.185322 0.244474 0.000000 0.000000
0.000000 0.301308 0.416970 0.105445 0.000000 0.000620 0.217075 0.000000 0.044449 0.102212 0.146205 0.051154 0.039526 0.167912
0.000000 0.241635 0.354312 0.068353 0.000000 0.240149 0.240841 0.054102 0.000000 0.000000 0.000000 0.197653 0.222654 0.104672
0.199099 0.088947 0.318169 0.288283 0.115455 0.112390 0.160418 0.032500 0.044791 0.000000 0.063919 0.024024 0.000000 0.000000
0.174609 0.132780 0.157346 0.228560 0.130919 0.043648 0.231697 0.284692 0.288253 0.129241 0.108204 0.179793 0.079933 0.403991
0.022922 0.075936 0.052209 0.051844 0.161780 0.118140 0.112162 0.052407 0.209815 0.073402 0.160465 0.118762 0.046659 0.194368
0.083717 0.205428 0.200801 0.000000 0.040040 0.149378 0.206812 0.202023 0.182368 0.000000 0.189853 0.086968 0.177743 0.128399
0.046283 0.004758 0.080472 0.000000 0.115464 0.200642 0.153476 0.223207 0.184897 0.088327 0.140790 0.090000 0.156885 0.054606
0.139606 0.075890 0.000000 0.102664 0.202136 0.141593 0.198910 0.193963 0.166207 0.315369 0.500130 0.289097 0.467017 0.422939
0.099521 0.000000 0.000000 0.000000 0.201313 0.081499 0.041030 0.124802 0.192861 0.249168 0.126310 0.247783 0.288130 0.333014
0.071767 0.000000 0.226818 0.000000 0.039834 0.000000 0.022803 0.000000 0.054834 0.200512 0.246451 0.000000 0.189226 0.281460
0.142411 0.180371 0.532044 0.000000 0.086365 0.229497 0.283476 0.170419 0.105242 0.196587 0.062092 0.073126 0.000000 0.232280
0.013349 0.146695 0.000000 0.000000 0.000000 0.000000 0.000000 0.000000 0.133583 0.176152 0.154332 0.000000 0.000000 0.000000
