0.212975 0.050610 0.000000 0.000000 0.000000 0.180861 0.000000 0.000000 0.134115 0.014353 0.227876 0.000000 0.000000 0.000000 0.000000 0.000000 0.000000 0.000000 0.440709 0.316625 0.196827 0.174705 0.123505 0.000000 0.187353 0.435387 0.108802 0.078115
0.000000 0.168067 0.163035 0.000000 0.000000 0.000000 0.000000 0.000000 0.000000 0.303593 0.060962 0.096702 0.000000 0.000000 0.000000 0.000000 0.000000 0.000000 0.000000 0.000000 0.000000 0.000000 0.000000 0.000000 0.000000 0.000000 0.051212 0.138199
0.167380 0.000000 0.000000 0.237928 0.000000 0.000000 0.132145 0.000000 0.000000 0.000000 0.000000 0.000000 0.139483 0.000000 0.000000 0.000000 0.000000 0.000000 0.000000 0.000000 0.161239 0.368108 0.000000 0.078306 0.038243 0.143881 0.119016 0.045994
0.000000 0.000000 0.000000 0.000000 0.000000 0.183193 0.000000 0.068978 0.000000 0.000000 0.000000 0.000000 0.000000 0.069725 0.177200 0.000000 0.000000 0.000000 0.000000 0.000000 0.000000 0.000000 0.014661 0.153913 0.000000 0.000000 0.000000 0.116378
0.132301 0.511229 0.381136 0.339054 0.430092 0.636321 0.000000 0.000000 0.000000 0.000000 0.172387 0.159078 0.139454 0.000000 0.000000 0.052500 0.400733 0.399248 0.223543 0.000000 0.000000 0.000000 0.000000 0.000000 0.000000 0.090547 0.000000 0.000000
0.000000 0.000000 0.000000 0.000000 0.000000 0.000000 0.000000 0.000000 0.003509 0.000000 0.000000 0.028445 0.000000 0.293217 0.000000 0.000000 0.000000 0.000000 0.000000 0.000000 0.226219 0.192291 0.000000 0.024215 0.023036 0.000000 0.015225 0.000000
0.000000 0.014532 0.354928 0.000000 0.000000 0.000000 0.000000 0.091378 0.093176 0.000000 0.182402 0.000000 0.000000 0.000000 0.000000 0.013129 0.318390 0.243823 0.025489 0.062740 0.036472 0.000000 0.108543 0.137802 0.000000 0.000000 0.000000 0.000000
0.677798 0.000000 0.000000 0.000000 0.000000 0.000000 0.000000 0.000000 0.101326 0.028539 0.000000 0.000000 0.000000 0.211945 0.095145 0.000000 0.000000 0.000000 0.054575 0.000000 0.051530 0.000000 0.000000 0.000000 0.000000 0.000000 0.199128 0.000000
0.000000 0.026514 0.173822 0.164885 0.405492 0.142100 0.000000 0.000000 0.000000 0.000000 0.000000 0.000000 0.000000 0.000000 0.000000 0.169404 0.000000 0.000000 0.000000 0.000000 0.160844 0.143238 0.029785 0.142468 0.167118 0.132197 0.091078 0.207536
0.080351 0.000000 0.000000 0.005612 0.000000 0.000000 0.000000 0.000000 0.000000 0.000000 0.000000 0.000000 0.230246 0.106712 0.000000 0.137218 0.318492 0.120153 0.272601 0.094302 0.075208 0.061981 0.070959 0.005579 0.019042 0.006710 0.000000 0.000000
0.010657 0.000000 0.096352 0.021495 0.000000 0.000000 0.000000 0.000000 0.000000 0.000000 0.266774 0.000000 0.000000 0.000000 0.000000 0.000000 0.000000 0.000000 0.000000 0.047942 0.023195 0.000000 0.000000 0.000000 0.003477 0.000000 0.000000 0.000000
0.126320 0.241026 0.091868 0.124408 0.106720 0.000000 0.000000 0.000000 0.000000 0.000000 0.000000 0.000000 0.000000 0.166311 0.609783 0.116479 0.024956 0.238764 0.000000 0.081672 0.166729 0.185595 0.103252 0.000000 0.000000 0.000000 0.000000 0.000000
0.019742 0.026024 0.002219 0.000000 0.000000 0.022695 0.000000 0.000000 0.000000 0.023333 0.000000 0.000000 0.018805 0.004300 0.000000 0.260546 0.000000 0.000000 0.042381 0.000000 0.000000 0.000000 0.000000 0.217235 0.034964 0.097240 0.000000 0.000000
0.113008 0.139876 0.128948 0.078969 0.163550 0.000000 0.000000 0.000000 0.000000 0.000000 0.062174 0.000000 0.000000 0.020233 0.000000 0.000000 0.000000 0.097048 0.000000 0.000000 0.000000 0.000000 0.000000 0.000000 0.000000 0.036291 0.000000 0.000000
0.206039 0.159755 0.175657 0.057785 0.000000 0.000000 0.000000 0.000000 0.084047 0.340038 0.000000 0.000000 0.000000 0.000000 0.000000 0.000000 0.157545 0.223013 0.000000 0.000000 0.000000 0.023211 0.000000 0.000000 0.032128 0.000000 0.000000 0.000000
0.079267 0.000000 0.000000 0.000000 0.105334 0.159107 0.000000 0.004168 0.000000 0.000000 0.000000 0.000000 0.000000 0.000000 0.000000 0.000000 0.000000 0.000000 0.000000 0.025467 0.000000 0.000000 0.000000 0.000000 0.000000 0.000000 0.156931 0.000000
0.172697 0.061034 0.000000 0.000000 0.000000 0.000000 0.082948 0.000000 0.167336 0.000000 0.000000 0.000000 0.000000 0.019906 0.134815 0.127423 0.000000 0.146245 0.043456 0.000000 0.000000 0.000000 0.000000 0.000000 0.000000 0.000000 0.012514 0.000000
0.360654 0.143205 0.218502 0.000000 0.000000 0.187927 0.115304 0.173613 0.082638 0.315871 0.000000 0.008659 0.000000 0.000000 0.000000 0.000000 0.000000 0.000000 0.000000 0.080908 0.233573 0.085894 0.091440 0.000000 0.000000 0.179254 0.000000 0.000000
0.000000 0.000000 0.005083 0.210010 0.086032 0.000000 0.000000 0.000000 0.000000 0.000000 0.030967 0.000000 0.000000 0.026356 0.102141 0.020430 0.027478 0.000000 0.000000 0.329706 0.000000 0.000000 0.000000 0.000000 0.000000 0.000000 0.000000 0.000000
0.030001 0.264877 0.237277 0.327922 0.000000 0.000000 0.010788 0.000000 0.000000 0.000000 0.000000 0.000000 0.000000 0.000000 0.000000 0.000000 0.100639 0.000000 0.000000 0.158737 0.000000 0.000000 0.000000 0.143760 0.000000 0.000000 0.000000 0.000000
0.000000 0.000000 0.000000 0.000000 0.007676 0.000000 0.009416 0.000000 0.000000 0.000000 0.000000 0.000000 0.000000 0.075056 0.000000 0.000000 0.000000 0.123372 0.000000 0.000000 0.163374 0.000000 0.000000 0.000000 0.067506 0.293502 0.283757 0.232899
0.000000 0.000000 0.000000 0.000000 0.000000 0.000000 0.000000 0.000000 0.000000 0.096443 0.195942 0.154489 0.197835 0.281521 0.455640 0.142600 0.000000 0.000000 0.000000 0.000000 0.000000 0.000000 0.000000 0.116752 0.074949 0.074220 0.000000 0.000000
0.000000 0.000000 0.000000 0.000000 0.000000 0.000000 0.000000 0.000000 0.117312 0.100205 0.140146 0.000000 0.000000 0.151022 0.103403 0.059262 0.214912 0.349539 0.039264 0.037600 0.163493 0.000000 0.173052 0.104348 0.148292 0.182864 0.163558 0.160719
0.080343 0.000000 0.028230 0.000000 0.000000 0.042157 0.000000 0.151276 0.000000 0.000000 0.000000 0.000000 0.119222 0.000000 0.000000 0.000000 0.000000 0.000000 0.000000 0.000000 0.000000 0.037509 0.000000 0.000000 0.262935 0.054162 0.000000 0.000000
0.158584 0.000000 0.000000 0.000000 0.018282 0.000000 0.000000 0.128236 0.153861 0.000000 0.000000 0.000000 0.000000 0.000000 0.000000 0.000000 0.164772 0.000000 0.000000 0.000000 0.000000 0.000000 0.000000 0.000000 0.000000 0.038337 0.000000 0.000000
0.000000 0.062253 0.000000 0.000000 0.000000 0.000000 0.000000 0.000000 0.263279 0.263431 0.000000 0.000000 0.000000 0.066412 0.012187 0.000000 0.000000 0.000000 0.060587 0.177037 0.130363 0.283857 0.131733 0.000000 0.000000 0.039122 0.000000 0.000000
0.000000 0.000000 0.223603 0.024060 0.052712 0.137090 0.000000 0.000000 0.000000 0.474517 0.165567 0.140625 0.007115 0.000000 0.000000 0.000000 0.000000 0.000000 0.000000 0.000000 0.000000 0.038086 0.000000 0.000000 0.049212 0.101869 0.137797 0.028617
0.000000 0.000000 0.000000 0.112016 0.075830 0.168099 0.023934 0.073878 0.000000 0.000000 0.000000 0.000000 0.000000 0.000000 0.000000 0.000000 0.000000 0.000000 0.024897 0.000000 0.000000 0.000000 0.000000 0.000000 0.000000 0.000000 0.000000 0.095774
