0.000000 0.000000 0.000000 0.000000 0.000000 0.137040 0.144364 0.000000 0.000000 0.000000 0.000000 0.024353 0.000000 0.000000 0.000000 0.094804 0.000000 0.000000 0.000000 0.000000 0.000000 0.000000 0.000000 0.000000 0.000000 0.000000 0.010215 0.000000 0.000000 0.000000 0.012822 0.000000 0.000000 0.000000 0.000000 0.000000 0.000000 0.000000 0.000000 0.000000 0.000000 0.000000 0.000000 0.000000 0.000000 0.000000 0.000000 0.000000 0.000000 0.000000 0.000000 0.000000 0.000000 0.000000 0.000000 0.000000
0.115429 0.087048 0.000000 0.108385 0.060587 0.000000 0.000000 0.366841 0.109711 0.000000 0.000000 0.022622 0.236340 0.000000 0.000000 0.000000 0.000000 0.133274 0.206720 0.011494 0.000000 0.000000 0.000000 0.000000 0.066779 0.000000 0.235932 0.162489 0.000000 0.000000 0.166462 0.276232 0.248220 0.000000 0.000000 0.000000 0.000000 0.000000 0.081304 0.000000 0.000000 0.175844 0.152305 0.082215 0.174719 0.000000 0.064538 0.000000 0.040396 0.000000 0.000000 0.000000 0.056458 0.110325 0.069380 0.000000
0.188744 0.062498 0.100687 0.043486 0.130990 0.000000 0.000000 0.275053 0.000000 0.000000 0.000000 0.040528 0.360367 0.103297 0.000000 0.000000 0.000000 0.046509 0.212080 0.070597 0.000000 0.000000 0.000000 0.000000 0.000000 0.000000 0.168147 0.238649 0.000000 0.000000 0.000000 0.000000 0.000000 0.004686 0.000000 0.000000 0.057204 0.000000 0.027954 0.060018 0.000000 0.052888 0.294390 0.000000 0.000000 0.117909 0.012952 0.000000 0.000000 0.044866 0.129031 0.000000 0.000000 0.000000 0.000000 0.000000
0.245888 0.141835 0.000000 0.000000 0.000000 0.000000 0.000000 0.000000 0.000000 0.000000 0.000000 0.000000 0.226801 0.124664 0.116684 0.069737 0.000000 0.000000 0.000000 0.193968 0.187980 0.000000 0.097229 0.071329 0.000000 0.000000 0.000000 0.310941 0.127191 0.149014 0.000000 0.000000 0.000000 0.129247 0.003866 0.000000 0.073294 0.000000 0.000000 0.000000 0.000000 0.011266 0.237911 0.093061 0.000000 0.000000 0.137182 0.025981 0.000000 0.000000 0.012383 0.000000 0.000000 0.008853 0.000783 0.000000
0.035931 0.064768 0.000000 0.000000 0.000000 0.000000 0.000000 0.000000 0.000000 0.000000 0.000000 0.000000 0.000000 0.000000 0.000000 0.000000 0.000000 0.000000 0.000000 0.044385 0.017873 0.000000 0.008623 0.000000 0.000000 0.069216 0.000000 0.000000 0.278772 0.071000 0.125556 0.000000 0.000000 0.007710 0.000000 0.000000 0.140607 0.000000 0.000000 0.000000 0.010311 0.000000 0.000000 0.000000 0.000000 0.000000 0.356799 0.193632 0.183381 0.000000 0.000000 0.000000 0.000000 0.000000 0.000000 0.000000
0.029678 0.000000 0.000000 0.000000 0.024439 0.149459 0.155919 0.050514 0.128291 0.119714 0.000000 0.000000 0.000000 0.000000 0.000000 0.000000 0.000000 0.000000 0.080432 0.123089 0.000000 0.000000 0.050736 0.000000 0.000000 0.106685 0.000000 0.000000 0.358578 0.199674 0.132312 0.121922 0.000000 0.008405 0.000000 0.000000 0.000000 0.054814 0.150319 0.000000 0.000000 0.000000 0.000000 0.000000 0.000000 0.022883 0.048178 0.000000 0.062189 0.000000 0.000000 0.016017 0.025393 0.000000 0.080809 0.000000
0.116533 0.227697 0.336873 0.055254 0.237763 0.237179 0.006346 0.231360 0.312418 0.265533 0.197840 0.000000 0.000000 0.000000 0.000000 0.000000 0.201164 0.223980 0.142707 0.226959 0.008162 0.000000 0.129519 0.071670 0.176487 0.045954 0.215598 0.094261 0.093099 0.031843 0.000000 0.000000 0.125264 0.000000 0.000000 0.000000 0.000000 0.000000 0.000000 0.000000 0.000000 0.000000 0.014802 0.117532 0.000000 0.000000 0.000000 0.091739 0.201768 0.000000 0.000000 0.000000 0.000000 0.000000 0.000000 0.109653
0.015443 0.217901 0.172789 0.000000 0.000000 0.000000 0.000000 0.057310 0.202303 0.310499 0.286284 0.204501 0.000000 0.000000 0.000000 0.113948 0.473172 0.190650 0.000000 0.000000 0.170976 0.098773 0.011563 0.000000 0.092128 0.051155 0.000000 0.000000 0.102051 0.014202 0.000000 0.132712 0.126595 0.000000 0.086945 0.031630 0.049556 0.000000 0.000000 0.000000 0.016506 0.087185 0.041015 0.045881 0.006144 0.000000 0.000000 0.106349 0.000000 0.096033 0.141878 0.100128 0.136920 0.002977 0.000000 0.000000
0.011642 0.187837 0.103191 0.000000 0.000000 0.000000 0.000000 0.002695 0.248800 0.124648 0.031605 0.125380 0.049886 0.000000 0.000000 0.332194 0.466889 0.198700 0.000000 0.000000 0.002126 0.077995 0.157953 0.136416 0.049685 0.085815 0.000000 0.000000 0.000000 0.000000 0.000000 0.000000 0.000000 0.079858 0.065457 0.059807 0.158688 0.038724 0.213022 0.000000 0.000000 0.014303 0.000000 0.000000 0.104394 0.000000 0.019481 0.097503 0.000000 0.000000 0.000000 0.000000 0.000000 0.000000 0.000000 0.000000
0.254137 0.016320 0.103265 0.000000 0.159283 0.091073 0.000000 0.000000 0.000000 0.000000 0.029878 0.094749 0.058853 0.000000 0.000000 0.000000 0.035804 0.104167 0.000000 0.000000 0.000000 0.000000 0.009380 0.062342 0.000000 0.084758 0.171714 0.228575 0.308612 0.000000 0.000000 0.000000 0.000000 0.103253 0.000000 0.000000 0.054935 0.000000 0.253125 0.199216 0.001506 0.115029 0.069166 0.000000 0.000000 0.108560 0.000000 0.000000 0.000000 0.000000 0.000000 0.000000 0.000000 0.000000 0.000000 0.000892
0.440363 0.174589 0.087667 0.000000 0.000000 0.029728 0.000000 0.000000 0.000000 0.000000 0.000000 0.000000 0.104478 0.000000 0.000000 0.000000 0.000000 0.000000 0.000000 0.000000 0.140283 0.000000 0.000000 0.122515 0.000000 0.000000 0.111256 0.098544 0.280032 0.000000 0.000000 0.000000 0.000000 0.156137 0.187092 0.007466 0.000000 0.000000 0.000000 0.000000 0.061539 0.000000 0.000000 0.000000 0.000000 0.000000 0.000000 0.000000 0.000000 0.000000 0.000000 0.000000 0.000000 0.000000 0.000000 0.000000
0.421819 0.000000 0.000000 0.097463 0.000000 0.061178 0.000000 0.000000 0.000000 0.000000 0.000000 0.000000 0.000000 0.000000 0.000000 0.000000 0.000000 0.000000 0.000000 0.000000 0.067533 0.013647 0.000000 0.047310 0.000000 0.087712 0.162289 0.000000 0.198480 0.054257 0.043449 0.111975 0.122584 0.041326 0.000000 0.000000 0.000000 0.000000 0.000000 0.000000 0.000000 0.000000 0.000000 0.027508 0.135486 0.000000 0.000000 0.041309 0.022130 0.000000 0.000000 0.000000 0.000000 0.000000 0.000000 0.091736
0.385962 0.000000 0.000000 0.200891 0.117602 0.162407 0.058146 0.000000 0.000000 0.000000 0.000000 0.000000 0.000000 0.092853 0.000000 0.000000 0.000000 0.000000 0.000000 0.000000 0.000000 0.000000 0.156082 0.068457 0.000000 0.000000 0.000000 0.091389 0.203725 0.002169 0.136735 0.267575 0.000000 0.000000 0.000000 0.000000 0.066038 0.216296 0.074363 0.046510 0.000000 0.039470 0.000000 0.000000 0.020678 0.000000 0.000000 0.000000 0.000000 0.000000 0.000000 0.000000 0.000000 0.072068 0.000000 0.097518
0.147356 0.000000 0.000000 0.000000 0.000000 0.000000 0.000000 0.000000 0.062600 0.295986 0.179662 0.130157 0.008383 0.000000 0.000000 0.041248 0.000000 0.000000 0.003038 0.000000 0.000000 0.000000 0.131111 0.220520 0.000000 0.000000 0.000000 0.000000 0.000000 0.000000 0.263292 0.255075 0.000000 0.000000 0.000000 0.000000 0.000000 0.077278 0.195978 0.000000 0.000000 0.000000 0.000000 0.000000 0.000000 0.004034 0.174114 0.000000 0.129182 0.102035 0.000000 0.000000 0.000000 0.000000 0.010615 0.000000
0.000000 0.203074 0.000000 0.000000 0.028035 0.000000 0.000000 0.000000 0.000000 0.000000 0.044243 0.093628 0.037620 0.000000 0.000000 0.028617 0.000000 0.000000 0.162988 0.000000 0.000000 0.000000 0.164935 0.294075 0.252135 0.024735 0.000000 0.000000 0.000000 0.000000 0.064807 0.169937 0.269679 0.143441 0.000000 0.000000 0.000000 0.000000 0.000000 0.161946 0.037704 0.043322 0.004343 0.071543 0.095932 0.000000 0.000000 0.000000 0.038313 0.068598 0.056664 0.000000 0.000000 0.000000 0.000000 0.000000
0.000000 0.000000 0.000000 0.000000 0.000000 0.000000 0.000000 0.000000 0.000000 0.000000 0.152696 0.083077 0.082529 0.074632 0.142243 0.028122 0.097176 0.054812 0.108230 0.021483 0.000000 0.000000 0.000000 0.000000 0.000000 0.000000 0.000000 0.000000 0.000000 0.000000 0.000000 0.148555 0.203486 0.218276 0.028734 0.220945 0.130594 0.000000 0.000000 0.000000 0.000000 0.000000 0.000000 0.000000 0.000000 0.000000 0.000000 0.000000 0.000000 0.000000 0.000000 0.000000 0.000000 0.000000 0.000000 0.000000
0.000000 0.000000 0.000000 0.000000 0.000000 0.000000 0.000000 0.000000 0.000000 0.000000 0.000000 0.000000 0.109231 0.083203 0.194458 0.000000 0.028180 0.104086 0.044470 0.117698 0.000000 0.000000 0.000000 0.000000 0.000000 0.240608 0.234466 0.082037 0.311618 0.000000 0.000000 0.051496 0.000000 0.091862 0.166070 0.314778 0.034254 0.000000 0.000000 0.000000 0.000000 0.000000 0.000000 0.000000 0.029173 0.027973 0.237031 0.164275 0.158452 0.000000 0.000000 0.028731 0.000000 0.000000 0.000000 0.000000
0.069916 0.000000 0.000000 0.000000 0.000000 0.058847 0.000000 0.000000 0.000000 0.000000 0.000000 0.000000 0.000000 0.000000 0.075654 0.000000 0.122031 0.189792 0.058642 0.043688 0.000000 0.000000 0.000000 0.155783 0.172494 0.072365 0.000000 0.000000 0.000000 0.000000 0.000000 0.000000 0.000000 0.000000 0.000000 0.000000 0.000000 0.005410 0.000000 0.000000 0.000000 0.000000 0.000000 0.000000 0.000000 0.000000 0.000000 0.000000 0.000000 0.000000 0.000000 0.000000 0.029581 0.000000 0.194251 0.000000
0.184750 0.039765 0.000000 0.000000 0.009506 0.058505 0.000000 0.000000 0.000000 0.000000 0.000000 0.000000 0.000000 0.083011 0.000000 0.000000 0.219986 0.183338 0.166996 0.126296 0.076298 0.000000 0.000000 0.000000 0.000000 0.017437 0.000000 0.000000 0.000000 0.000000 0.000000 0.000000 0.000000 0.000000 0.000000 0.000000 0.000000 0.000000 0.000000 0.000000 0.000000 0.000000 0.054599 0.099356 0.070984 0.000000 0.000000 0.000000 0.000000 0.000000 0.000000 0.135514 0.254163 0.152093 0.057575 0.140764
0.266150 0.155616 0.000000 0.000000 0.000000 0.000000 0.000000 0.000000 0.070355 0.000000 0.183875 0.223590 0.166591 0.071421 0.136626 0.068109 0.038110 0.094807 0.113292 0.155283 0.184617 0.036083 0.000000 0.000000 0.000000 0.000000 0.194598 0.060647 0.000000 0.000000 0.000000 0.000000 0.000000 0.000000 0.000000 0.000000 0.000000 0.000000 0.000000 0.000000 0.000000 0.032601 0.000000 0.000000 0.000000 0.000000 0.036079 0.051637 0.000000 0.000000 0.000000 0.032466 0.223182 0.114233 0.000000 0.051543
0.038553 0.000000 0.000000 0.000000 0.004972 0.041807 0.178916 0.241814 0.183238 0.046414 0.153580 0.207455 0.260128 0.111945 0.109421 0.216289 0.090035 0.140146 0.082291 0.000000 0.071954 0.167858 0.000000 0.000000 0.000000 0.000000 0.000000 0.000000 0.105602 0.021931 0.071625 0.000000 0.066127 0.009446 0.103436 0.000000 0.055229 0.000000 0.000000 0.000000 0.000000 0.000000 0.000000 0.000000 0.000000 0.000000 0.000000 0.020642 0.122853 0.000000 0.000000 0.081170 0.065586 0.075964 0.000000 0.000000
0.000000 0.013374 0.010289 0.069408 0.216418 0.182571 0.115593 0.013872 0.057548 0.229405 0.270304 0.194391 0.282822 0.305043 0.237738 0.106606 0.121113 0.170550 0.179919 0.000000 0.000000 0.181690 0.063939 0.000000 0.000000 0.000000 0.000000 0.000000 0.202130 0.000000 0.031080 0.020526 0.027916 0.081133 0.230887 0.078451 0.022267 0.118935 0.000000 0.059329 0.120976 0.037628 0.000000 0.000000 0.000000 0.000000 0.000000 0.000000 0.000000 0.000000 0.000000 0.229993 0.040116 0.064316 0.000000 0.000000
0.239835 0.128668 0.043703 0.038172 0.000000 0.067919 0.063735 0.000000 0.079999 0.051069 0.299505 0.150140 0.117015 0.086089 0.139084 0.043242 0.000000 0.062266 0.293204 0.187387 0.000000 0.128725 0.079233 0.054089 0.000000 0.000000 0.000000 0.000000 0.000000 0.000000 0.248207 0.059171 0.000000 0.017106 0.033909 0.027190 0.000000 0.000000 0.215413 0.195240 0.000000 0.000000 0.000000 0.000000 0.000000 0.000000 0.000000 0.000000 0.000000 0.000000 0.054463 0.045255 0.000000 0.000000 0.000000 0.162720
0.246410 0.133372 0.103097 0.056436 0.000000 0.043115 0.014058 0.013722 0.063777 0.000000 0.141213 0.163168 0.018427 0.000000 0.000000 0.030867 0.000000 0.049160 0.240963 0.194147 0.002269 0.056516 0.058155 0.154600 0.157318 0.009738 0.000000 0.000000 0.000000 0.004680 0.329208 0.179532 0.000000 0.077624 0.019748 0.157118 0.017792 0.000000 0.091576 0.101774 0.000000 0.092147 0.200112 0.040262 0.026291 0.095194 0.002219 0.027051 0.055840 0.099887 0.181568 0.000000 0.000000 0.000000 0.011506 0.099868
0.001222 0.000000 0.002592 0.131041 0.000000 0.000000 0.081534 0.103548 0.000000 0.000000 0.011026 0.133642 0.025312 0.044990 0.000000 0.067797 0.072535 0.116500 0.229742 0.290047 0.131813 0.122755 0.032669 0.100112 0.096775 0.005113 0.000000 0.000000 0.000000 0.000000 0.075492 0.216963 0.200793 0.088979 0.110962 0.209705 0.000000 0.022262 0.000000 0.000000 0.128378 0.188537 0.195151 0.060000 0.000000 0.117113 0.063562 0.022338 0.110024 0.029319 0.000000 0.148391 0.141435 0.008407 0.092744 0.031769
0.000000 0.000000 0.000000 0.000000 0.000000 0.142059 0.172826 0.252754 0.101561 0.003892 0.087568 0.000000 0.054002 0.076774 0.270550 0.162081 0.132965 0.283810 0.200534 0.176156 0.156224 0.239336 0.091046 0.145788 0.150093 0.000000 0.029043 0.000000 0.000000 0.000000 0.000000 0.145808 0.299622 0.234399 0.228846 0.230589 0.000000 0.021764 0.000000 0.020199 0.028505 0.022543 0.118667 0.165271 0.027969 0.163373 0.000000 0.000000 0.143794 0.073132 0.022001 0.101121 0.042982 0.075331 0.195180 0.096814
0.179867 0.063625 0.099531 0.060175 0.050226 0.079445 0.232478 0.091199 0.199385 0.235447 0.139559 0.147637 0.192457 0.166859 0.338193 0.159674 0.075358 0.292877 0.137636 0.000000 0.192536 0.180664 0.057808 0.218951 0.098120 0.000000 0.053527 0.135909 0.000000 0.000000 0.000000 0.133033 0.121591 0.071063 0.122089 0.246433 0.243053 0.081494 0.181734 0.088152 0.001416 0.025213 0.000000 0.000000 0.000000 0.045815 0.000000 0.124035 0.025871 0.000000 0.058587 0.098692 0.117926 0.104703 0.010847 0.109585
0.092734 0.127864 0.209159 0.228672 0.099470 0.179074 0.198190 0.010747 0.107213 0.135771 0.132206 0.219990 0.226500 0.225430 0.253044 0.209016 0.243990 0.271682 0.110798 0.135145 0.277161 0.166195 0.134372 0.273899 0.015457 0.000000 0.029784 0.137447 0.054086 0.000000 0.000000 0.000000 0.072264 0.187874 0.000000 0.000000 0.022292 0.062371 0.216825 0.146327 0.000000 0.121163 0.203035 0.086673 0.123836 0.000000 0.000000 0.161664 0.088550 0.000000 0.029896 0.111962 0.216256 0.077010 0.000000 0.096909
0.121007 0.220199 0.150384 0.138242 0.140972 0.099077 0.215205 0.140954 0.140169 0.225976 0.216996 0.199006 0.214856 0.163815 0.254291 0.158665 0.267673 0.167368 0.185667 0.259196 0.100439 0.154596 0.125919 0.248357 0.152859 0.080058 0.015518 0.045759 0.031339 0.073884 0.000000 0.000000 0.000000 0.000000 0.104866 0.000000 0.000000 0.000000 0.000000 0.000000 0.058164 0.000328 0.106292 0.130037 0.048164 0.031660 0.000000 0.042922 0.059035 0.050928 0.092183 0.000000 0.137111 0.076790 0.000000 0.000000
0.284106 0.278959 0.159193 0.200898 0.195096 0.260585 0.359443 0.191875 0.257326 0.303046 0.185089 0.262819 0.256435 0.118736 0.133427 0.058570 0.142711 0.155757 0.129000 0.109629 0.045854 0.177283 0.137537 0.189809 0.159605 0.166272 0.026683 0.041379 0.041247 0.042820 0.000000 0.000000 0.000000 0.000000 0.250437 0.264474 0.021374 0.000000 0.000000 0.037455 0.185116 0.036475 0.050926 0.074254 0.000000 0.000000 0.023738 0.000000 0.009873 0.184988 0.007907 0.000000 0.060425 0.000000 0.082141 0.061932
0.167905 0.236102 0.285438 0.213693 0.207509 0.277369 0.330650 0.173438 0.203731 0.181382 0.211375 0.272652 0.339575 0.217189 0.255454 0.173239 0.201889 0.259194 0.020368 0.000000 0.120815 0.093120 0.029441 0.115612 0.039593 0.066459 0.009110 0.000000 0.000000 0.059693 0.000000 0.000000 0.000000 0.000000 0.238375 0.289807 0.091938 0.054609 0.000000 0.000000 0.000000 0.000000 0.022281 0.036541 0.032060 0.000000 0.065617 0.091826 0.000000 0.120598 0.031519 0.093894 0.029531 0.030971 0.094749 0.000000
0.101045 0.313464 0.250805 0.219519 0.207924 0.273579 0.282216 0.194922 0.196150 0.181417 0.203406 0.059648 0.064090 0.251032 0.220795 0.086440 0.244403 0.172106 0.000000 0.112958 0.271410 0.131992 0.047001 0.000000 0.100343 0.084999 0.134792 0.062361 0.056678 0.064927 0.036347 0.000000 0.000000 0.000000 0.048069 0.134613 0.199718 0.192546 0.193970 0.024742 0.011237 0.000000 0.049931 0.184253 0.084752 0.171157 0.033304 0.045615 0.072656 0.000000 0.063219 0.000000 0.037878 0.100548 0.189587 0.099627
0.252098 0.184330 0.125602 0.284072 0.225394 0.350073 0.267526 0.107462 0.080483 0.100642 0.000000 0.000000 0.000000 0.110186 0.132427 0.205495 0.325765 0.153219 0.128848 0.185776 0.217325 0.173032 0.166763 0.023815 0.202655 0.104695 0.173873 0.085056 0.000000 0.000000 0.002136 0.004178 0.000000 0.000000 0.000000 0.056501 0.100249 0.015537 0.210395 0.083843 0.014422 0.084214 0.036991 0.122721 0.057369 0.070386 0.253162 0.042372 0.133293 0.104582 0.024825 0.000000 0.000000 0.201166 0.164135 0.108326
0.296443 0.187276 0.117969 0.096922 0.141531 0.446212 0.250479 0.061725 0.139217 0.150498 0.127322 0.234512 0.026355 0.102551 0.161796 0.122046 0.185602 0.026333 0.049611 0.197399 0.072780 0.169960 0.232111 0.103723 0.174861 0.092368 0.077934 0.127968 0.095566 0.000000 0.000000 0.062935 0.007824 0.000000 0.000000 0.000000 0.063810 0.222745 0.000000 0.000000 0.151497 0.015326 0.018409 0.030652 0.151045 0.293914 0.311310 0.140436 0.000000 0.000000 0.000000 0.000000 0.000000 0.151922 0.000000 0.000000
0.351180 0.102344 0.000000 0.000000 0.000000 0.074502 0.050367 0.128795 0.198082 0.226671 0.350984 0.347118 0.075263 0.198107 0.220818 0.174169 0.106707 0.151165 0.079930 0.041914 0.000000 0.201242 0.265892 0.117554 0.131291 0.133313 0.030175 0.083539 0.045775 0.099692 0.004177 0.001008 0.000000 0.000000 0.000000 0.000000 0.235779 0.422260 0.007939 0.000000 0.000000 0.063083 0.028525 0.000000 0.012072 0.173919 0.013636 0.020846 0.025397 0.062646 0.010343 0.000000 0.008353 0.023791 0.000000 0.000000
0.396186 0.165466 0.251205 0.322018 0.029587 0.000000 0.011892 0.207019 0.209063 0.173186 0.109022 0.037138 0.055931 0.111163 0.101334 0.024644 0.073067 0.130809 0.182105 0.101609 0.097409 0.215241 0.260705 0.079088 0.066450 0.220336 0.135498 0.175661 0.042871 0.126705 0.080421 0.034288 0.028421 0.000000 0.000000 0.000000 0.141146 0.224841 0.034661 0.012010 0.000000 0.005959 0.085636 0.000000 0.000000 0.159729 0.000000 0.174588 0.131713 0.210563 0.124634 0.135774 0.078198 0.023347 0.021446 0.035387
0.084583 0.028933 0.207447 0.223651 0.111748 0.082528 0.178670 0.279390 0.214810 0.154379 0.000000 0.014518 0.091229 0.007615 0.000000 0.000000 0.125968 0.127331 0.050187 0.215054 0.132058 0.143587 0.074527 0.096056 0.040133 0.107987 0.083540 0.095617 0.092094 0.108890 0.150427 0.162878 0.107980 0.000000 0.000000 0.000000 0.000000 0.164856 0.000000 0.093446 0.272158 0.246228 0.215888 0.013485 0.081019 0.000000 0.000000 0.310777 0.206616 0.183375 0.142620 0.076397 0.114408 0.000000 0.060210 0.053886
0.000000 0.165128 0.224566 0.229478 0.182086 0.216991 0.212050 0.193678 0.135112 0.196221 0.181468 0.215851 0.232873 0.055097 0.065901 0.112983 0.120153 0.086485 0.045319 0.139584 0.132807 0.096164 0.000000 0.102354 0.022042 0.024786 0.062066 0.000000 0.088823 0.102029 0.032043 0.075582 0.078455 0.041100 0.000000 0.000000 0.000000 0.000000 0.000000 0.000000 0.211973 0.267902 0.394562 0.252899 0.105896 0.000000 0.000000 0.221277 0.000000 0.000000 0.153993 0.187151 0.158444 0.000000 0.040866 0.000000
0.000000 0.000000 0.069467 0.213134 0.261671 0.303269 0.026017 0.114651 0.225697 0.192246 0.212024 0.253396 0.282645 0.057189 0.131310 0.070309 0.077660 0.009871 0.036228 0.240361 0.154590 0.040284 0.008463 0.054127 0.081934 0.134035 0.190078 0.070787 0.111783 0.087145 0.000000 0.049207 0.040884 0.060123 0.041538 0.000000 0.000000 0.000000 0.000000 0.000000 0.000000 0.087806 0.167886 0.228547 0.269107 0.062954 0.000000 0.000000 0.000000 0.000000 0.092195 0.000000 0.000000 0.000000 0.000000 0.000000
0.114266 0.000000 0.001085 0.000000 0.252976 0.346086 0.008816 0.037943 0.221279 0.127199 0.118652 0.223914 0.300075 0.131017 0.018596 0.022670 0.126837 0.071643 0.063254 0.153953 0.077676 0.112238 0.231348 0.033837 0.098007 0.202688 0.099070 0.068073 0.167524 0.083340 0.170493 0.145546 0.080890 0.015706 0.053995 0.004425 0.000000 0.000000 0.000000 0.000000 0.000000 0.000000 0.000000 0.248219 0.420149 0.000000 0.000000 0.000000 0.000000 0.000000 0.000000 0.000000 0.000000 0.000000 0.000000 0.130993
0.019909 0.000000 0.000000 0.018462 0.072996 0.311082 0.106264 0.000000 0.137850 0.215114 0.043944 0.093810 0.278493 0.344517 0.139774 0.145636 0.261277 0.121402 0.021955 0.105250 0.142256 0.210650 0.219664 0.136600 0.071590 0.019102 0.018949 0.022098 0.000000 0.000000 0.000000 0.083877 0.277238 0.134658 0.059241 0.096799 0.000000 0.000000 0.009806 0.000000 0.000000 0.000000 0.000000 0.064198 0.220403 0.000000 0.000000 0.000000 0.000000 0.000000 0.000000 0.000000 0.000000 0.000000 0.000000 0.000000
0.000000 0.014447 0.064363 0.000000 0.074518 0.457155 0.327513 0.000000 0.054731 0.036873 0.000000 0.000000 0.046531 0.262157 0.335017 0.273394 0.301604 0.250987 0.199713 0.270502 0.242236 0.119510 0.041784 0.018199 0.006339 0.000000 0.025123 0.072984 0.125033 0.118602 0.085925 0.058816 0.132633 0.088557 0.053708 0.129204 0.044534 0.000000 0.000000 0.012856 0.000000 0.000000 0.000000 0.000000 0.000000 0.000000 0.000000 0.000000 0.000000 0.000000 0.000000 0.000000 0.000000 0.000000 0.000000 0.000000
0.000000 0.000000 0.272778 0.071324 0.098819 0.546336 0.404023 0.068177 0.000000 0.035540 0.000000 0.000000 0.070826 0.136461 0.174624 0.276984 0.292846 0.285057 0.188425 0.207573 0.213848 0.152193 0.084011 0.050438 0.014248 0.043494 0.000000 0.000000 0.130384 0.091514 0.094987 0.099257 0.032091 0.031636 0.052733 0.112493 0.082156 0.152832 0.000000 0.000000 0.006720 0.000000 0.000000 0.000000 0.000000 0.000000 0.001968 0.000000 0.000000 0.000000 0.000000 0.000000 0.000000 0.000000 0.000000 0.058511
0.075204 0.011798 0.124228 0.000000 0.000000 0.288351 0.350663 0.068577 0.000000 0.022424 0.000000 0.000000 0.072479 0.145639 0.191527 0.254213 0.175732 0.194778 0.157103 0.136043 0.123519 0.008592 0.000000 0.005844 0.000000 0.000000 0.000000 0.000000 0.132275 0.110579 0.001922 0.000000 0.019002 0.096600 0.065803 0.142384 0.073959 0.011968 0.029995 0.037661 0.125332 0.216812 0.000000 0.000000 0.000000 0.000000 0.116023 0.113454 0.000000 0.000000 0.000000 0.000000 0.000000 0.000000 0.000000 0.099011
0.123973 0.026027 0.190474 0.000000 0.000000 0.383590 0.156432 0.138444 0.118241 0.074889 0.000000 0.000000 0.151220 0.155802 0.315546 0.220992 0.198294 0.214117 0.080896 0.017288 0.036384 0.041922 0.000000 0.036230 0.114028 0.000000 0.000000 0.000000 0.000000 0.000000 0.000000 0.000000 0.000000 0.000000 0.089387 0.171464 0.120305 0.010116 0.000000 0.000000 0.000000 0.254690 0.088999 0.000000 0.045804 0.081596 0.148309 0.080502 0.000000 0.003879 0.000000 0.000000 0.000000 0.000000 0.000000 0.000000
0.085418 0.000000 0.000000 0.000000 0.000000 0.444844 0.048602 0.086103 0.111454 0.195520 0.000000 0.024545 0.238616 0.419104 0.271987 0.208239 0.238434 0.139927 0.100827 0.119206 0.066297 0.088753 0.087680 0.040974 0.000000 0.000000 0.000000 0.000000 0.000000 0.000000 0.000000 0.000000 0.000000 0.000000 0.000000 0.039175 0.000000 0.000000 0.049592 0.000000 0.000000 0.000000 0.035184 0.166865 0.131270 0.038025 0.161426 0.106721 0.107277 0.094400 0.000000 0.014137 0.000000 0.000000 0.000000 0.000000
0.000000 0.000000 0.000000 0.000000 0.164900 0.262124 0.000000 0.092493 0.000000 0.123894 0.123593 0.070723 0.325311 0.541942 0.325375 0.371312 0.259174 0.215822 0.306023 0.224364 0.115059 0.221540 0.106509 0.048607 0.018295 0.181951 0.150251 0.000000 0.089453 0.053165 0.109611 0.113815 0.000000 0.000000 0.000000 0.094803 0.094502 0.024049 0.170104 0.000000 0.000000 0.000000 0.032880 0.263665 0.196436 0.060084 0.000000 0.000000 0.000000 0.120536 0.057481 0.125945 0.066336 0.000000 0.000000 0.000000
0.008210 0.000000 0.000000 0.101190 0.262080 0.270667 0.353802 0.215450 0.031109 0.125119 0.128612 0.076254 0.257844 0.463916 0.428472 0.369142 0.179026 0.162994 0.298274 0.319155 0.270067 0.130834 0.052441 0.179594 0.202772 0.228695 0.151592 0.090992 0.176445 0.299347 0.157971 0.138607 0.160065 0.161538 0.002626 0.104679 0.111762 0.049559 0.180871 0.064501 0.040849 0.170769 0.184958 0.291155 0.213562 0.121075 0.058538 0.084390 0.000000 0.005305 0.002458 0.084021 0.087575 0.000000 0.037867 0.010362
0.008884 0.103946 0.130533 0.000000 0.090215 0.394271 0.301467 0.149899 0.180404 0.057523 0.239318 0.165400 0.047751 0.251418 0.276521 0.214012 0.167636 0.267339 0.325543 0.313162 0.254596 0.031604 0.076991 0.210338 0.128835 0.229656 0.128278 0.096111 0.128913 0.199695 0.145472 0.173947 0.191329 0.191201 0.134230 0.069122 0.000000 0.007287 0.160192 0.114683 0.193088 0.259826 0.172505 0.248540 0.185441 0.200223 0.161873 0.154609 0.079710 0.033605 0.041333 0.035107 0.112562 0.000000 0.000000 0.000000
0.028671 0.000000 0.087592 0.000000 0.000000 0.000000 0.218423 0.081844 0.146927 0.196066 0.174667 0.202838 0.128460 0.127410 0.160690 0.326332 0.370480 0.343247 0.313877 0.406152 0.291667 0.150692 0.000000 0.000000 0.000000 0.075727 0.127869 0.117862 0.161111 0.147044 0.127798 0.161390 0.224667 0.272902 0.247123 0.117550 0.072013 0.099730 0.159277 0.065728 0.000000 0.069187 0.127202 0.406286 0.191898 0.112514 0.039271 0.096780 0.173469 0.209546 0.174800 0.065256 0.171008 0.102361 0.206078 0.052337
0.016336 0.000000 0.123171 0.137891 0.222008 0.196327 0.302552 0.111854 0.000000 0.152782 0.175212 0.183732 0.234933 0.086445 0.144039 0.371637 0.461670 0.483959 0.432347 0.379492 0.139875 0.048120 0.000000 0.000000 0.043424 0.161629 0.146614 0.230055 0.011618 0.000000 0.092829 0.009465 0.001559 0.185654 0.422326 0.207472 0.103245 0.038599 0.037350 0.000000 0.000000 0.000000 0.000000 0.000000 0.216207 0.299443 0.071083 0.140393 0.226192 0.124600 0.286033 0.127274 0.107756 0.014925 0.197274 0.065370
0.141930 0.000000 0.000000 0.000000 0.000000 0.111345 0.248042 0.082881 0.099827 0.000000 0.000000 0.071861 0.296257 0.202996 0.119121 0.000000 0.151120 0.280685 0.271239 0.076428 0.166370 0.133950 0.154417 0.000000 0.000000 0.090058 0.271970 0.027597 0.043446 0.000000 0.000000 0.000000 0.000000 0.007435 0.285798 0.269665 0.190240 0.000000 0.000000 0.000000 0.000000 0.000000 0.000000 0.000000 0.000000 0.083243 0.187606 0.265671 0.113128 0.174702 0.326391 0.090225 0.000000 0.065098 0.236123 0.220418
0.000000 0.055921 0.000000 0.000000 0.000000 0.030222 0.000000 0.137236 0.392241 0.069479 0.042706 0.140685 0.188869 0.000000 0.105806 0.000000 0.015868 0.130261 0.192857 0.154401 0.188116 0.265553 0.308470 0.287894 0.223447 0.276832 0.136001 0.068946 0.226353 0.177140 0.118005 0.018509 0.043418 0.000000 0.000000 0.000000 0.000000 0.100823 0.000000 0.000000 0.000000 0.258244 0.080035 0.000000 0.000000 0.000000 0.144839 0.051411 0.000000 0.057296 0.131722 0.021248 0.000000 0.041448 0.095053 0.335997
0.075060 0.108875 0.000000 0.000000 0.000000 0.000000 0.058861 0.000000 0.000000 0.000000 0.000000 0.266981 0.000000 0.000000 0.231676 0.000000 0.009427 0.000000 0.000000 0.000000 0.000000 0.000000 0.000000 0.000000 0.000000 0.358122 0.223444 0.143464 0.137654 0.310264 0.192805 0.119552 0.143772 0.000000 0.000000 0.000000 0.000000 0.000000 0.073164 0.023484 0.000000 0.179909 0.157548 0.062446 0.000000 0.161501 0.105978 0.083814 0.014653 0.000000 0.000000 0.000000 0.000000 0.103984 0.000000 0.288997
0.201892 0.000000 0.142448 0.194637 0.070299 0.132148 0.271328 0.000000 0.000000 0.000000 0.000000 0.000000 0.070000 0.062246 0.000000 0.244230 0.468767 0.013730 0.000000 0.000000 0.000000 0.000000 0.000000 0.000000 0.044333 0.215304 0.237566 0.308296 0.247750 0.227061 0.234210 0.151612 0.208657 0.014009 0.000000 0.000000 0.000000 0.000000 0.000000 0.017083 0.022470 0.088694 0.030789 0.000000 0.000000 0.000000 0.139621 0.096835 0.046950 0.152379 0.056753 0.009538 0.000000 0.000000 0.000000 0.000000
0.049991 0.040605 0.000000 0.000000 0.000000 0.000000 0.000000 0.000000 0.011042 0.000000 0.000000 0.094898 0.092870 0.000000 0.000000 0.000000 0.000000 0.000000 0.000000 0.019576 0.100809 0.278962 0.023897 0.026669 0.068220 0.086030 0.049317 0.307293 0.320304 0.128071 0.235015 0.138210 0.296335 0.094293 0.000000 0.000000 0.089812 0.125294 0.000000 0.000000 0.000000 0.000000 0.000000 0.000000 0.000000 0.000000 0.021788 0.000000 0.000000 0.000000 0.000000 0.000000 0.000000 0.000000 0.085397 0.000000
