0.000000 0.000000 0.000000 0.000000 0.000000 0.000000 0.106821 0.000000 0.000000 0.000000 0.000000 0.000000 0.000000 0.000000 0.000000 0.000000 0.000000 0.000000 0.000000 0.000000 0.069413 0.074555 0.000000 0.000000 0.000000 0.000000 0.000000 0.000000 0.000000 0.000000 0.000000 0.000000 0.000000 0.000000 0.000000 0.000000 0.000000 0.000000 0.000000 0.000000 0.000000 0.000000 0.000000 0.000000 0.000000 0.000000 0.000000 0.000000 0.000000 0.000000 0.000000 0.000000 0.000000 0.000000 0.000000 0.000000
0.000000 0.000000 0.000000 0.000000 0.000000 0.000000 0.000000 0.000000 0.000000 0.000000 0.000000 0.000000 0.000000 0.000000 0.000000 0.021762 0.000000 0.058999 0.066519 0.020538 0.115271 0.054008 0.027910 0.000000 0.004811 0.000000 0.000000 0.083479 0.035010 0.000000 0.000000 0.037658 0.000000 0.000000 0.000000 0.001251 0.000000 0.000000 0.000000 0.000000 0.000000 0.000000 0.000000 0.000000 0.000000 0.000000 0.000000 0.000000 0.000000 0.000000 0.000000 0.000000 0.000000 0.000000 0.000000 0.000000
0.006306 0.000000 0.000000 0.000000 0.000000 0.000000 0.000000 0.000000 0.000000 0.000000 0.000000 0.014838 0.000000 0.000000 0.000000 0.000000 0.000000 0.000000 0.040668 0.013983 0.000000 0.000000 0.000000 0.000000 0.000000 0.040659 0.014232 0.073266 0.056429 0.000000 0.000000 0.000000 0.000000 0.000000 0.000000 0.019393 0.000000 0.000000 0.000000 0.014086 0.025004 0.000000 0.000000 0.000000 0.000000 0.000000 0.000000 0.000000 0.000000 0.000000 0.037179 0.043730 0.000000 0.000000 0.000000 0.000000
0.000000 0.000000 0.000000 0.000000 0.000000 0.000000 0.000000 0.000000 0.000000 0.000000 0.000000 0.000000 0.000000 0.000000 0.000000 0.000000 0.000000 0.000000 0.000000 0.000000 0.000000 0.000000 0.009907 0.000000 0.000000 0.023250 0.077340 0.056058 0.033936 0.000000 0.000000 0.127079 0.107659 0.095990 0.049110 0.031715 0.062011 0.000000 0.000000 0.000000 0.000000 0.000000 0.000000 0.000000 0.000000 0.000000 0.000000 0.000000 0.000000 0.000000 0.000000 0.000000 0.000000 0.018311 0.000000 0.000000
0.000000 0.000000 0.068350 0.000000 0.000000 0.000000 0.000000 0.000000 0.000000 0.000000 0.000000 0.000000 0.000000 0.000000 0.000000 0.000000 0.038884 0.000000 0.000000 0.000000 0.000000 0.029072 0.000000 0.000000 0.000000 0.104062 0.102525 0.000000 0.000000 0.000000 0.067521 0.095609 0.042455 0.086912 0.078118 0.016616 0.060262 0.110354 0.044012 0.000000 0.000000 0.000000 0.000000 0.000000 0.076562 0.000000 0.000000 0.000000 0.000000 0.013188 0.000000 0.000000 0.000000 0.009450 0.000000 0.000000
0.000000 0.000000 0.000000 0.000000 0.000000 0.000000 0.000000 0.000000 0.000000 0.009907 0.000000 0.000000 0.000000 0.000000 0.000000 0.000000 0.000000 0.000000 0.000000 0.000000 0.000000 0.000000 0.000000 0.000000 0.007847 0.132763 0.046484 0.000000 0.000000 0.000000 0.217036 0.211451 0.107439 0.158831 0.073027 0.000000 0.013221 0.111786 0.000000 0.089887 0.103695 0.112861 0.036722 0.105261 0.121352 0.089159 0.056118 0.023724 0.000000 0.000000 0.054290 0.070791 0.064024 0.114092 0.045346 0.000000
0.000000 0.000000 0.000000 0.000000 0.000000 0.084660 0.000000 0.000000 0.000000 0.000000 0.017024 0.000000 0.000000 0.000000 0.000000 0.000000 0.000000 0.000000 0.000000 0.000000 0.000000 0.000000 0.000000 0.000000 0.017407 0.064976 0.008337 0.038565 0.011009 0.000000 0.172428 0.143948 0.140225 0.102935 0.109551 0.019932 0.099700 0.038936 0.006084 0.122207 0.170511 0.139999 0.174809 0.116955 0.085100 0.036121 0.033927 0.083165 0.113916 0.047916 0.023717 0.048395 0.048842 0.111761 0.115558 0.000000
0.000000 0.015886 0.000000 0.000000 0.000000 0.000000 0.000000 0.000000 0.000000 0.000000 0.000000 0.007531 0.018252 0.000000 0.000000 0.017875 0.108631 0.000000 0.000000 0.000000 0.000000 0.000000 0.005104 0.000000 0.046378 0.046477 0.000000 0.000000 0.053934 0.136746 0.057313 0.067512 0.143782 0.075327 0.135253 0.112070 0.138499 0.017214 0.000000 0.000000 0.087675 0.188062 0.246502 0.131487 0.076179 0.000000 0.044734 0.145154 0.191940 0.192265 0.000000 0.000000 0.034706 0.165006 0.107945 0.000000
0.000000 0.044653 0.037509 0.000000 0.000000 0.000000 0.000000 0.000000 0.000000 0.000000 0.000000 0.000000 0.033232 0.000000 0.000000 0.000000 0.044805 0.000000 0.000000 0.000000 0.061486 0.000000 0.039621 0.000000 0.089083 0.044683 0.000000 0.000000 0.000000 0.120655 0.020376 0.000000 0.018817 0.052711 0.126597 0.133420 0.088480 0.013718 0.001725 0.025498 0.144117 0.136195 0.100745 0.233257 0.209645 0.014071 0.055663 0.154142 0.205213 0.195778 0.000000 0.000000 0.044429 0.146718 0.111667 0.000000
0.038062 0.152169 0.052617 0.000000 0.000000 0.000000 0.000000 0.000000 0.000000 0.009754 0.000000 0.000000 0.000000 0.000109 0.000000 0.000000 0.096171 0.000000 0.000000 0.044989 0.135837 0.076350 0.000000 0.000000 0.028051 0.066166 0.059919 0.010013 0.000000 0.100608 0.123115 0.000000 0.000000 0.044749 0.051691 0.053804 0.102722 0.063569 0.097324 0.061596 0.239346 0.165142 0.059106 0.117694 0.129317 0.044004 0.097685 0.085166 0.130162 0.126472 0.144698 0.094988 0.127878 0.228778 0.069937 0.000000
0.068718 0.147573 0.000000 0.000000 0.000000 0.000000 0.000000 0.000000 0.000000 0.000000 0.000000 0.000000 0.000000 0.002004 0.000000 0.000000 0.222148 0.026944 0.000000 0.000000 0.067620 0.144299 0.029188 0.000000 0.000000 0.000000 0.097772 0.069164 0.000000 0.058555 0.172977 0.101031 0.004907 0.075679 0.003333 0.125445 0.165297 0.036072 0.060583 0.120897 0.122360 0.058213 0.091387 0.073749 0.023856 0.095347 0.159328 0.180642 0.232335 0.204985 0.165629 0.206797 0.228809 0.232321 0.043538 0.000000
0.042536 0.000000 0.000000 0.000000 0.000000 0.000000 0.000000 0.000000 0.000000 0.000000 0.000000 0.000000 0.025407 0.017251 0.000000 0.000000 0.018336 0.000000 0.000000 0.000000 0.000000 0.000000 0.045166 0.000000 0.000000 0.036001 0.166997 0.000000 0.041504 0.072170 0.122410 0.072556 0.065152 0.115550 0.004082 0.068475 0.084572 0.000000 0.000000 0.090327 0.106037 0.000000 0.148435 0.023827 0.018657 0.095990 0.114748 0.267816 0.301257 0.239772 0.162747 0.148741 0.138405 0.096435 0.046483 0.000000
0.000000 0.000000 0.074277 0.000000 0.000000 0.000000 0.000000 0.000000 0.000000 0.000000 0.000000 0.000000 0.031192 0.059790 0.000961 0.014746 0.056168 0.030799 0.000000 0.000000 0.000000 0.000000 0.000000 0.014161 0.000000 0.087896 0.028362 0.000000 0.000000 0.014881 0.092070 0.058141 0.043854 0.034337 0.000000 0.015265 0.089473 0.022547 0.000000 0.081059 0.000000 0.008203 0.179400 0.046043 0.000000 0.045249 0.084893 0.197527 0.270232 0.108231 0.157778 0.141519 0.090157 0.116670 0.114669 0.043534
0.080829 0.008040 0.000000 0.000000 0.000000 0.000000 0.000000 0.000000 0.000000 0.000000 0.033955 0.131508 0.103213 0.072888 0.038211 0.050301 0.057616 0.040718 0.023043 0.000000 0.000000 0.000000 0.000000 0.005379 0.059387 0.114643 0.046216 0.033580 0.026940 0.000182 0.088493 0.080264 0.038264 0.000000 0.122347 0.099829 0.053647 0.111179 0.072675 0.066141 0.000000 0.000000 0.142463 0.015855 0.043513 0.077766 0.153293 0.186072 0.257257 0.021678 0.020465 0.052655 0.107261 0.202084 0.182228 0.000000
0.001507 0.000000 0.000000 0.136445 0.124845 0.167624 0.118423 0.196088 0.129070 0.010705 0.083383 0.136364 0.084511 0.020588 0.029070 0.042570 0.000000 0.040159 0.099869 0.018834 0.000000 0.000000 0.000000 0.000000 0.000000 0.000000 0.000000 0.032142 0.065352 0.052189 0.048588 0.033851 0.042170 0.000000 0.112517 0.055527 0.000000 0.105676 0.032498 0.013406 0.000000 0.078783 0.125925 0.123784 0.135666 0.157491 0.177630 0.189222 0.241361 0.215536 0.139474 0.102476 0.129817 0.082973 0.020812 0.000000
0.000000 0.000000 0.000000 0.000000 0.000000 0.000000 0.000000 0.099796 0.036179 0.000000 0.148548 0.090359 0.030693 0.044508 0.078281 0.071023 0.055997 0.067209 0.127206 0.053335 0.000000 0.000000 0.000000 0.000000 0.000000 0.000000 0.034158 0.029259 0.017396 0.076178 0.081620 0.074737 0.022859 0.000000 0.000000 0.000000 0.026729 0.045300 0.000000 0.000000 0.000000 0.224399 0.166670 0.182213 0.192846 0.143714 0.098816 0.141761 0.133932 0.104644 0.137073 0.155328 0.101060 0.075543 0.047974 0.000000
0.000000 0.000000 0.000000 0.000000 0.000000 0.000000 0.000000 0.000000 0.000000 0.051631 0.085007 0.079352 0.084218 0.068952 0.103457 0.059719 0.080005 0.071671 0.116979 0.065481 0.000000 0.000000 0.000000 0.025849 0.006469 0.051985 0.057234 0.035142 0.044356 0.064749 0.069586 0.100524 0.021603 0.000000 0.000000 0.000000 0.072524 0.108524 0.032226 0.069718 0.061706 0.235356 0.197644 0.146316 0.236428 0.210591 0.021644 0.073095 0.151211 0.040235 0.082078 0.212163 0.249928 0.265712 0.236594 0.024214
0.000000 0.000000 0.000000 0.000000 0.000000 0.000000 0.012885 0.000000 0.000000 0.000000 0.000000 0.033529 0.037945 0.062986 0.068961 0.019360 0.063386 0.080833 0.110191 0.081616 0.019536 0.000000 0.000000 0.000000 0.037739 0.054512 0.000000 0.000000 0.069329 0.088024 0.103088 0.227128 0.102031 0.088443 0.150532 0.061914 0.116603 0.232435 0.273717 0.171631 0.105860 0.147417 0.202679 0.108188 0.128672 0.063175 0.000000 0.072538 0.071647 0.166101 0.266047 0.312709 0.235513 0.222338 0.204495 0.000000
0.032491 0.015161 0.005005 0.000000 0.000000 0.006420 0.013735 0.043820 0.047820 0.000000 0.000000 0.000000 0.058125 0.090350 0.047596 0.012085 0.078807 0.100966 0.095539 0.063019 0.018424 0.000000 0.000000 0.000000 0.000000 0.015776 0.065996 0.080177 0.158149 0.231404 0.259231 0.281330 0.121967 0.177995 0.215976 0.213806 0.147248 0.162623 0.296819 0.282236 0.256289 0.199605 0.178991 0.103109 0.131756 0.182126 0.148927 0.076087 0.012543 0.144504 0.194758 0.261668 0.192887 0.207196 0.140936 0.000000
0.060719 0.087237 0.115780 0.077721 0.041158 0.000000 0.018096 0.174882 0.193725 0.043557 0.103694 0.064701 0.123152 0.119447 0.098023 0.073063 0.075286 0.077451 0.064329 0.050837 0.038475 0.027480 0.000000 0.000000 0.000000 0.000000 0.000000 0.017478 0.036209 0.153466 0.239290 0.238809 0.146992 0.136630 0.160243 0.207740 0.222705 0.187125 0.195748 0.157221 0.257077 0.180061 0.127913 0.107049 0.139854 0.267199 0.293813 0.239680 0.242220 0.284667 0.175610 0.188591 0.218494 0.169374 0.216730 0.000000
0.056661 0.074664 0.140274 0.146344 0.166062 0.168627 0.198628 0.308720 0.206146 0.080283 0.119611 0.119786 0.127757 0.097860 0.098720 0.086098 0.074841 0.052607 0.038736 0.038771 0.055141 0.048616 0.003321 0.000000 0.000000 0.000000 0.000000 0.000000 0.000000 0.150575 0.212593 0.249619 0.218726 0.290337 0.260163 0.239248 0.259888 0.282825 0.257890 0.224259 0.330999 0.260055 0.206521 0.186946 0.197574 0.247382 0.254516 0.179513 0.187334 0.211079 0.176981 0.113992 0.136730 0.101073 0.255635 0.000000
0.017764 0.037927 0.111546 0.149128 0.164101 0.213426 0.209315 0.203189 0.114151 0.164312 0.148386 0.107677 0.110334 0.140194 0.088415 0.088244 0.093849 0.058897 0.054104 0.034717 0.036280 0.045524 0.051291 0.000000 0.000000 0.000000 0.000000 0.000000 0.000000 0.127838 0.137614 0.205719 0.242090 0.260994 0.313771 0.323590 0.224336 0.208218 0.242021 0.225575 0.311794 0.223538 0.226762 0.294657 0.326515 0.249774 0.256562 0.192131 0.227557 0.176450 0.208031 0.104753 0.194477 0.284155 0.255809 0.000000
0.056178 0.074588 0.116670 0.118195 0.117026 0.161330 0.100615 0.050359 0.115960 0.228522 0.193046 0.089190 0.133422 0.123612 0.091983 0.083766 0.039214 0.010057 0.067135 0.056279 0.035771 0.062729 0.060215 0.040523 0.000000 0.000000 0.000000 0.000000 0.000000 0.000000 0.071814 0.262005 0.216252 0.153837 0.250808 0.271462 0.276317 0.187921 0.191135 0.298735 0.381382 0.276619 0.195007 0.314141 0.369140 0.294968 0.239499 0.228146 0.317052 0.277255 0.229507 0.202812 0.337130 0.347063 0.351048 0.007973
0.078791 0.118843 0.185096 0.155833 0.138023 0.136542 0.087761 0.149289 0.190181 0.137479 0.139530 0.137237 0.139209 0.078641 0.058746 0.073307 0.041644 0.036438 0.080118 0.067314 0.041349 0.062906 0.053241 0.048869 0.032123 0.000000 0.000000 0.000000 0.000000 0.000000 0.000000 0.178363 0.254627 0.210770 0.230607 0.226395 0.370135 0.229657 0.180476 0.282594 0.309807 0.283326 0.265776 0.370479 0.336169 0.316227 0.255130 0.227285 0.258482 0.231404 0.244275 0.337325 0.397702 0.340820 0.288933 0.016448
0.055488 0.031667 0.148357 0.143588 0.083605 0.131705 0.145145 0.184842 0.155757 0.144430 0.145305 0.154084 0.129238 0.075967 0.051493 0.086180 0.049805 0.056121 0.078164 0.079322 0.039989 0.063624 0.068344 0.055607 0.040246 0.027124 0.004866 0.000000 0.000000 0.000000 0.000000 0.000000 0.127635 0.259898 0.262058 0.293167 0.275985 0.226632 0.110072 0.149718 0.202427 0.283047 0.376827 0.249813 0.236867 0.220250 0.208955 0.197167 0.226117 0.240133 0.341452 0.325404 0.375313 0.362729 0.260713 0.029636
0.019850 0.019177 0.101247 0.095412 0.045460 0.166030 0.185467 0.156398 0.172936 0.198901 0.126926 0.098847 0.099342 0.071312 0.113050 0.087401 0.041256 0.072567 0.107973 0.093957 0.082764 0.093421 0.077910 0.065223 0.047412 0.028373 0.019008 0.000000 0.000000 0.000000 0.000000 0.000000 0.000000 0.268810 0.159844 0.152789 0.198804 0.225723 0.158765 0.255341 0.245461 0.299420 0.321081 0.302374 0.285921 0.273852 0.302250 0.205397 0.215000 0.218521 0.323682 0.313700 0.315321 0.301605 0.245630 0.065463
0.009983 0.058964 0.120428 0.117257 0.147414 0.215769 0.209487 0.220141 0.269292 0.213135 0.136357 0.106783 0.093623 0.069996 0.151259 0.069320 0.068736 0.114466 0.065531 0.059485 0.060399 0.048386 0.023311 0.064051 0.060527 0.044311 0.043713 0.031634 0.002772 0.000000 0.000000 0.000000 0.000000 0.117526 0.284216 0.222660 0.311256 0.259064 0.183932 0.257402 0.383474 0.298228 0.354121 0.333976 0.309013 0.272342 0.262565 0.209947 0.283223 0.256313 0.305292 0.342662 0.395566 0.360225 0.299855 0.114961
0.022824 0.093837 0.162663 0.145845 0.177917 0.244125 0.211946 0.220597 0.223088 0.149886 0.099719 0.127093 0.104549 0.090528 0.116657 0.045318 0.112278 0.091405 0.007021 0.044544 0.085994 0.009285 0.026181 0.075835 0.057570 0.046253 0.048521 0.061023 0.038398 0.000000 0.000000 0.000000 0.000000 0.068106 0.370921 0.265454 0.283281 0.217703 0.166984 0.252019 0.339562 0.329621 0.342813 0.334749 0.334168 0.245333 0.226922 0.252337 0.365617 0.296762 0.275149 0.374122 0.325481 0.307030 0.360535 0.132606
0.033103 0.109593 0.183966 0.160879 0.191576 0.183147 0.140451 0.133158 0.102219 0.115527 0.093363 0.140914 0.119321 0.134970 0.167608 0.164288 0.168128 0.092891 0.096800 0.068455 0.070093 0.000000 0.058962 0.092488 0.075213 0.039380 0.024301 0.047416 0.037994 0.034062 0.000000 0.000000 0.000000 0.050760 0.100009 0.157519 0.249816 0.267238 0.332995 0.226025 0.275788 0.334844 0.444853 0.376704 0.246951 0.301761 0.302876 0.345399 0.423378 0.288565 0.197559 0.355246 0.349562 0.355696 0.333467 0.052313
0.066655 0.148422 0.166296 0.145115 0.163691 0.131197 0.138929 0.103010 0.110965 0.175685 0.129798 0.149791 0.137442 0.170765 0.193703 0.159718 0.092637 0.127160 0.186092 0.137920 0.066789 0.024503 0.092324 0.087375 0.059687 0.032623 0.013196 0.060274 0.064942 0.045044 0.000561 0.000000 0.000000 0.000000 0.000000 0.111103 0.269510 0.281653 0.240550 0.268119 0.253457 0.308965 0.436886 0.331851 0.296495 0.233820 0.265453 0.364712 0.418736 0.262851 0.230797 0.253680 0.318735 0.311329 0.328165 0.086574
0.084624 0.108190 0.162291 0.154383 0.095195 0.093638 0.143315 0.100000 0.117590 0.182394 0.116971 0.117437 0.106051 0.103126 0.193435 0.133845 0.115462 0.157002 0.133531 0.117583 0.100276 0.035278 0.061855 0.037647 0.026540 0.034028 0.032936 0.075424 0.082278 0.061072 0.021515 0.000000 0.000000 0.000000 0.009778 0.093623 0.289458 0.207842 0.118447 0.316983 0.360493 0.299680 0.386380 0.397421 0.469412 0.397641 0.250174 0.342984 0.418677 0.277680 0.205043 0.289566 0.369363 0.261355 0.334449 0.213725
0.019223 0.094150 0.151906 0.136390 0.058586 0.109641 0.110157 0.096443 0.120636 0.144028 0.093497 0.064537 0.087998 0.136478 0.149660 0.081487 0.190785 0.189510 0.097403 0.166086 0.137986 0.055663 0.065963 0.025702 0.030098 0.064015 0.066860 0.057964 0.053329 0.049593 0.031423 0.000000 0.000000 0.000000 0.035799 0.102635 0.203779 0.241162 0.200516 0.337923 0.387445 0.227569 0.240563 0.402641 0.402565 0.408128 0.371862 0.275313 0.325682 0.268055 0.143365 0.236090 0.342980 0.322486 0.298922 0.203073
0.064651 0.113339 0.107513 0.133865 0.141022 0.133153 0.118139 0.190543 0.186444 0.146928 0.086463 0.080733 0.132577 0.141603 0.093607 0.093745 0.138317 0.140745 0.107402 0.119543 0.117564 0.080358 0.054670 0.045165 0.071734 0.089312 0.082807 0.065206 0.048718 0.055040 0.057743 0.028174 0.000000 0.000000 0.000000 0.209493 0.241874 0.196032 0.216231 0.312019 0.302089 0.279448 0.277929 0.283278 0.250463 0.328805 0.273222 0.236937 0.312448 0.351752 0.219829 0.236054 0.293933 0.263821 0.298739 0.103914
0.106661 0.140400 0.123849 0.111986 0.194850 0.165555 0.127715 0.164513 0.158029 0.102336 0.080374 0.153535 0.167604 0.138776 0.077425 0.157047 0.132823 0.085714 0.044015 0.135671 0.118791 0.121813 0.077148 0.079557 0.103090 0.092317 0.088468 0.085275 0.057320 0.057821 0.064464 0.052896 0.025825 0.000000 0.000000 0.026860 0.155047 0.220783 0.215440 0.242290 0.242650 0.354226 0.307084 0.253574 0.283924 0.283589 0.194904 0.229834 0.354694 0.401553 0.357618 0.300705 0.289354 0.281125 0.344990 0.091670
0.062411 0.062050 0.035597 0.084416 0.181736 0.128549 0.038318 0.108913 0.128252 0.111615 0.163163 0.210044 0.231219 0.181678 0.211803 0.236410 0.161894 0.089538 0.079157 0.141284 0.093931 0.114453 0.100310 0.103775 0.099828 0.076378 0.078620 0.096783 0.070730 0.074621 0.066427 0.065151 0.051395 0.000000 0.000000 0.000000 0.030280 0.026121 0.235560 0.251867 0.327558 0.357183 0.358669 0.278972 0.331238 0.298396 0.268653 0.338988 0.381974 0.396797 0.382381 0.376057 0.331062 0.359600 0.310073 0.048890
0.000000 0.000000 0.000000 0.047364 0.145305 0.090536 0.056120 0.127676 0.127410 0.187613 0.205718 0.198381 0.198206 0.173837 0.276701 0.241804 0.128338 0.082735 0.127964 0.112380 0.111903 0.119385 0.112699 0.097666 0.095501 0.085541 0.081419 0.084215 0.047972 0.053618 0.056985 0.066134 0.056257 0.045584 0.000000 0.000000 0.000000 0.035978 0.227532 0.298360 0.314595 0.275745 0.328696 0.273133 0.304848 0.311113 0.286778 0.316367 0.377381 0.176780 0.264733 0.248076 0.242101 0.315503 0.269695 0.057454
0.103880 0.075807 0.106820 0.169181 0.260157 0.214061 0.245711 0.228074 0.184241 0.164707 0.086338 0.093779 0.173025 0.171158 0.254782 0.160331 0.074219 0.088202 0.116893 0.135895 0.161025 0.126830 0.097488 0.084864 0.058071 0.064270 0.078641 0.065724 0.072147 0.089880 0.075891 0.077822 0.055192 0.055419 0.000000 0.000000 0.000000 0.033329 0.135904 0.141935 0.162341 0.045762 0.105991 0.258704 0.248035 0.185013 0.122429 0.133915 0.129520 0.080513 0.205162 0.256943 0.286931 0.217447 0.332497 0.207163
0.171636 0.119922 0.220337 0.245197 0.259874 0.200233 0.309152 0.207417 0.200553 0.178169 0.087875 0.116394 0.120298 0.135092 0.192226 0.098870 0.119148 0.118157 0.122649 0.096519 0.087492 0.077802 0.068102 0.098957 0.048575 0.044302 0.054764 0.047734 0.092112 0.100128 0.091662 0.065512 0.048248 0.046209 0.027366 0.000000 0.000000 0.000000 0.106254 0.133250 0.000000 0.000000 0.022734 0.207362 0.277828 0.106137 0.139585 0.204561 0.000000 0.071605 0.233238 0.273181 0.193758 0.246365 0.378835 0.145644
0.210876 0.231437 0.220778 0.283785 0.242460 0.063615 0.166646 0.126030 0.184654 0.173087 0.098603 0.111030 0.116646 0.132075 0.137105 0.096512 0.141544 0.145407 0.169791 0.126189 0.091688 0.061712 0.065647 0.096873 0.065994 0.068894 0.076750 0.066154 0.120705 0.117974 0.084175 0.065457 0.059209 0.058504 0.041465 0.000000 0.000000 0.000000 0.000000 0.052934 0.000000 0.000000 0.000000 0.088744 0.181003 0.071742 0.163714 0.117942 0.000000 0.010001 0.067788 0.167938 0.237598 0.198910 0.112420 0.000000
0.298398 0.306660 0.216207 0.259299 0.186815 0.000000 0.000000 0.057959 0.086630 0.080756 0.082347 0.105454 0.105881 0.100965 0.110465 0.130528 0.143797 0.168978 0.184823 0.119164 0.092455 0.082138 0.102590 0.095538 0.094397 0.092472 0.086530 0.086950 0.114375 0.126270 0.108404 0.078038 0.051274 0.058531 0.054918 0.037063 0.000000 0.000000 0.000000 0.000000 0.000000 0.000000 0.000000 0.080198 0.156160 0.000000 0.021799 0.027414 0.006624 0.000000 0.000000 0.068041 0.137567 0.000000 0.029599 0.000000
0.142494 0.274436 0.231759 0.238014 0.195757 0.066688 0.000000 0.000000 0.000000 0.034518 0.062860 0.038444 0.018884 0.061626 0.017112 0.064081 0.093833 0.106514 0.125427 0.113031 0.122712 0.114487 0.094264 0.085971 0.078822 0.063651 0.086934 0.081361 0.076514 0.083829 0.098543 0.052452 0.059615 0.049302 0.061378 0.060356 0.023348 0.000000 0.000000 0.000000 0.000000 0.000000 0.000000 0.000000 0.046354 0.000000 0.000000 0.000000 0.000000 0.000000 0.000000 0.033999 0.000000 0.000000 0.021622 0.000000
0.236693 0.264737 0.250181 0.293231 0.256849 0.006491 0.000000 0.000000 0.060506 0.098677 0.027564 0.000000 0.000000 0.033567 0.000000 0.052065 0.079608 0.097011 0.118377 0.152381 0.112187 0.053425 0.017441 0.029122 0.000000 0.000000 0.075511 0.100316 0.107737 0.130519 0.136146 0.083214 0.072240 0.065026 0.080848 0.083508 0.030951 0.000000 0.001143 0.022602 0.000000 0.000000 0.000000 0.000000 0.000000 0.000000 0.000000 0.020383 0.000000 0.000000 0.000000 0.000000 0.000000 0.000000 0.000000 0.000000
0.282124 0.263629 0.215771 0.237845 0.143544 0.000000 0.000000 0.022824 0.071440 0.051412 0.000000 0.000000 0.000000 0.008976 0.000000 0.066242 0.085997 0.120735 0.169510 0.180377 0.072782 0.087468 0.077132 0.047029 0.058343 0.099971 0.103465 0.077122 0.098333 0.113384 0.141832 0.095531 0.078086 0.072047 0.076066 0.062025 0.014489 0.000000 0.000000 0.015379 0.026988 0.000000 0.000000 0.000000 0.000000 0.000000 0.000000 0.016322 0.025857 0.015148 0.000000 0.000000 0.000000 0.000000 0.000000 0.000000
0.194392 0.227851 0.188312 0.262710 0.325330 0.100008 0.000000 0.039497 0.052685 0.004466 0.000000 0.025251 0.001987 0.025489 0.000000 0.095114 0.097578 0.166301 0.154587 0.136015 0.160115 0.177756 0.169715 0.164385 0.182803 0.177878 0.145936 0.097858 0.101816 0.047941 0.043299 0.057209 0.103522 0.093343 0.075345 0.043655 0.000000 0.000000 0.000000 0.009120 0.096979 0.107764 0.057739 0.000000 0.000000 0.000986 0.050866 0.054628 0.044580 0.046339 0.040420 0.016314 0.000000 0.000242 0.004802 0.000000
0.200538 0.211286 0.165484 0.141549 0.249630 0.119808 0.000000 0.076585 0.088015 0.022650 0.000000 0.000000 0.026641 0.045981 0.072927 0.083679 0.206288 0.246812 0.161995 0.213995 0.211243 0.184198 0.160030 0.171601 0.179203 0.121334 0.069280 0.059156 0.100288 0.081752 0.058563 0.051334 0.111618 0.108604 0.106604 0.053935 0.002002 0.000000 0.000000 0.000000 0.057712 0.123298 0.089384 0.090765 0.078841 0.065127 0.068511 0.054254 0.028657 0.031158 0.032645 0.024336 0.000000 0.000000 0.000000 0.000000
0.250469 0.231870 0.236417 0.152375 0.173634 0.036002 0.000000 0.123071 0.085695 0.079929 0.020858 0.019890 0.055288 0.075730 0.089730 0.102870 0.213094 0.215577 0.214667 0.201108 0.151096 0.165291 0.144559 0.117357 0.094714 0.051529 0.000000 0.043325 0.092649 0.080769 0.057802 0.026896 0.060138 0.079406 0.058214 0.054356 0.046995 0.000000 0.027439 0.000000 0.010327 0.057763 0.042508 0.072478 0.070749 0.037819 0.047620 0.046995 0.037145 0.041183 0.045691 0.042001 0.000000 0.000000 0.000000 0.000000
0.253308 0.193342 0.330850 0.213117 0.141662 0.109334 0.000000 0.103147 0.078263 0.054684 0.031424 0.052801 0.052568 0.071889 0.062025 0.114153 0.175631 0.220951 0.148653 0.119335 0.122361 0.135397 0.065283 0.000000 0.000000 0.042129 0.059078 0.043656 0.071904 0.075624 0.107788 0.095006 0.070681 0.025864 0.012498 0.047616 0.026970 0.007797 0.044368 0.000670 0.000000 0.011218 0.021972 0.063837 0.067885 0.050649 0.044310 0.052225 0.061017 0.046579 0.058110 0.082360 0.067101 0.043935 0.000000 0.000000
0.109176 0.182341 0.326553 0.248258 0.179670 0.037738 0.000000 0.052851 0.025451 0.018268 0.057701 0.081623 0.050058 0.169089 0.197755 0.149761 0.126525 0.181303 0.098043 0.125476 0.126997 0.032816 0.000000 0.000000 0.018697 0.091576 0.111606 0.084884 0.093877 0.096240 0.135947 0.117804 0.088647 0.065262 0.038825 0.072787 0.068956 0.058248 0.060382 0.018863 0.046182 0.059620 0.032570 0.045356 0.061659 0.039701 0.029958 0.032372 0.033022 0.043043 0.077684 0.101632 0.081394 0.049375 0.000000 0.000000
0.095752 0.133648 0.205819 0.215865 0.158191 0.068360 0.000000 0.000000 0.030791 0.004839 0.074409 0.085626 0.033121 0.211528 0.218318 0.106430 0.101495 0.122670 0.072191 0.098281 0.023195 0.000000 0.000000 0.000000 0.002254 0.065802 0.111692 0.135224 0.124451 0.091912 0.134443 0.127129 0.097795 0.063487 0.042164 0.086319 0.101651 0.100544 0.059149 0.017085 0.093011 0.099569 0.023482 0.056200 0.075806 0.086482 0.076678 0.068760 0.025344 0.021039 0.050391 0.073084 0.060936 0.037176 0.000000 0.000000
0.336854 0.266203 0.146324 0.195407 0.110706 0.075578 0.022574 0.086127 0.083321 0.045290 0.073091 0.112498 0.015965 0.120521 0.141997 0.064301 0.138877 0.154395 0.127856 0.108727 0.000000 0.000000 0.006772 0.000000 0.000000 0.058075 0.129565 0.130881 0.124346 0.106923 0.135790 0.122217 0.085353 0.049033 0.038009 0.054325 0.078318 0.076329 0.038702 0.034783 0.103229 0.081201 0.008259 0.084299 0.060256 0.090614 0.134008 0.094702 0.054646 0.046496 0.053109 0.040019 0.041129 0.000000 0.000000 0.000000
0.272719 0.267736 0.241998 0.111634 0.083574 0.097406 0.196489 0.150650 0.202909 0.078695 0.173179 0.239481 0.109321 0.133648 0.125975 0.142804 0.175217 0.172731 0.178467 0.119107 0.007347 0.033817 0.035358 0.000000 0.013297 0.000000 0.043761 0.082596 0.093084 0.110914 0.113040 0.114150 0.079696 0.066257 0.048657 0.000000 0.071272 0.069297 0.063214 0.057183 0.052019 0.000000 0.068179 0.086794 0.093839 0.044175 0.059694 0.073628 0.100294 0.109727 0.025685 0.028834 0.000000 0.023524 0.090477 0.000000
0.206361 0.178054 0.273250 0.240474 0.234575 0.254211 0.298270 0.152457 0.203387 0.170733 0.268828 0.211446 0.135075 0.243156 0.368575 0.352900 0.153951 0.208122 0.186425 0.112799 0.000656 0.039914 0.000000 0.000000 0.018359 0.000000 0.220030 0.125115 0.032116 0.072504 0.074899 0.025926 0.027938 0.032006 0.000679 0.000000 0.011455 0.054107 0.044888 0.063468 0.079598 0.014999 0.000000 0.020285 0.061179 0.086140 0.000000 0.003721 0.047153 0.116453 0.035722 0.042987 0.013220 0.066785 0.106980 0.000000
0.204349 0.173609 0.323960 0.288873 0.284481 0.290587 0.284690 0.228802 0.201448 0.281165 0.289062 0.249738 0.221043 0.366888 0.316241 0.250675 0.231830 0.259558 0.088544 0.024682 0.008407 0.000000 0.038557 0.035045 0.000000 0.017228 0.214557 0.021230 0.073725 0.093766 0.069330 0.000000 0.046968 0.000000 0.037325 0.099427 0.040772 0.064869 0.000000 0.000000 0.000000 0.000000 0.000000 0.073248 0.085190 0.075311 0.068053 0.082547 0.060398 0.002949 0.027326 0.109402 0.076605 0.032347 0.048476 0.000000
0.194966 0.185630 0.281040 0.254310 0.323185 0.276660 0.250105 0.202498 0.028505 0.254734 0.369665 0.304726 0.338665 0.270488 0.125680 0.080708 0.197009 0.274146 0.231112 0.057741 0.000000 0.126415 0.000000 0.000000 0.000000 0.137742 0.211094 0.012866 0.000000 0.047809 0.065069 0.062403 0.094763 0.018479 0.004922 0.001044 0.000000 0.017723 0.013060 0.000000 0.000000 0.000000 0.000000 0.246029 0.238157 0.215842 0.260850 0.118867 0.119457 0.106560 0.150310 0.121447 0.056474 0.075070 0.155548 0.000000
0.222165 0.318338 0.211177 0.261986 0.294767 0.360000 0.212467 0.260714 0.153030 0.228504 0.295230 0.210742 0.167197 0.200395 0.197093 0.199746 0.177499 0.437932 0.369175 0.270866 0.091112 0.153671 0.000000 0.000000 0.032465 0.213093 0.204171 0.000000 0.000000 0.019852 0.018545 0.035595 0.087615 0.000000 0.000000 0.091512 0.056341 0.151454 0.140298 0.000000 0.079059 0.188000 0.152443 0.265289 0.231979 0.252325 0.357477 0.265743 0.222187 0.240670 0.290295 0.173861 0.004778 0.154778 0.222784 0.102975
0.000000 0.115629 0.064981 0.125460 0.205986 0.351723 0.220116 0.244843 0.356355 0.361492 0.134249 0.000000 0.000000 0.137173 0.250709 0.337352 0.321874 0.310593 0.318576 0.211758 0.000000 0.000000 0.000000 0.016014 0.125839 0.096896 0.076879 0.000000 0.010831 0.022320 0.000000 0.000000 0.042665 0.014270 0.044188 0.022744 0.000000 0.000000 0.048795 0.183313 0.200299 0.168075 0.119306 0.114437 0.101368 0.182430 0.085163 0.122858 0.150488 0.180631 0.181199 0.158624 0.000000 0.162089 0.108112 0.082658
