0.000000 0.000000 0.000000 0.000000 0.000000 0.000000 0.000000 0.000000 0.000000 0.000000 0.000000 0.000000 0.000000 0.000000
0.000000 0.000000 0.000000 0.000000 0.119988 0.270111 0.164988 0.016585 0.006910 0.000000 0.138291 0.154277 0.000000 0.018367
0.000000 0.000000 0.000000 0.000000 0.000000 0.143036 0.066604 0.061614 0.101349 0.121151 0.240085 0.097896 0.000000 0.055855
0.000000 0.000000 0.107990 0.304348 0.234079 0.165909 0.040640 0.037430 0.000000 0.000000 0.000000 0.000000 0.000000 0.000000
0.000000 0.112143 0.200930 0.300186 0.221233 0.021420 0.000000 0.000000 0.000000 0.000000 0.000000 0.000000 0.000000 0.143318
0.000000 0.162472 0.229242 0.149527 0.048722 0.000000 0.000000 0.079854 0.136778 0.120762 0.071945 0.152847 0.202493 0.290121
0.000000 0.000000 0.002463 0.000000 0.000000 0.082021 0.000000 0.000000 0.201427 0.234251 0.216743 0.221443 0.226859 0.206129
0.000000 0.022492 0.000000 0.000000 0.048475 0.054520 0.088795 0.051338 0.068809 0.162804 0.138526 0.123033 0.161561 0.140867
0.000000 0.000000 0.000000 0.000000 0.069637 0.040288 0.000000 0.067614 0.017693 0.061124 0.185189 0.084617 0.000000 0.000000
0.057053 0.072710 0.093073 0.009330 0.000000 0.000000 0.000000 0.000000 0.000000 0.000000 0.000000 0.000000 0.000000 0.021682
0.258288 0.196376 0.065271 0.000000 0.000000 0.000000 0.000000 0.000000 0.000000 0.000000 0.000000 0.000000 0.000000 0.000000
0.126607 0.062672 0.000000 0.000000 0.000000 0.000000 0.000000 0.000000 0.000000 0.000000 0.000000 0.000000 0.000000 0.000000
0.000000 0.000000 0.000000 0.000000 0.000000 0.000000 0.000000 0.000000 0.000000 0.000000 0.000000 0.000000 0.000000 0.000000
0.000000 0.000000 0.000000 0.000000 0.000000 0.000000 0.000000 0.000000 0.000000 0.000000 0.000000 0.000000 0.000000 0.000000
