0.031831 0.112699 0.000000 0.000000 0.000000 0.000000 0.090600 0.004895 0.000000 0.000000 0.000000 0.000000 0.000000 0.173735 0.000000 0.000000 0.000000 0.000000 0.000000 0.000000 0.038035 0.239916 0.062886 0.014051 0.000000 0.000000 0.000000 0.262160
0.142618 0.000000 0.000000 0.000000 0.000000 0.043197 0.054585 0.000000 0.047680 0.066499 0.000000 0.000000 0.048831 0.154002 0.000000 0.000000 0.000000 0.000000 0.000000 0.000000 0.000000 0.163919 0.000000 0.000000 0.000000 0.000000 0.000000 0.033252
0.137564 0.000000 0.000000 0.063854 0.002927 0.000000 0.000000 0.000000 0.000000 0.137629 0.050241 0.000000 0.066137 0.098871 0.116330 0.000000 0.000000 0.000000 0.000000 0.000000 0.000000 0.000000 0.000000 0.000000 0.000000 0.000000 0.000000 0.000000
0.242046 0.092341 0.000000 0.000000 0.000000 0.024430 0.000000 0.064282 0.165988 0.091425 0.185785 0.125177 0.023503 0.000000 0.000000 0.000000 0.000000 0.000000 0.000000 0.000000 0.000000 0.000000 0.000000 0.059778 0.000000 0.000000 0.000000 0.000000
0.338357 0.000000 0.000000 0.130254 0.000000 0.000000 0.013383 0.073450 0.058806 0.527479 0.000000 0.085889 0.000000 0.000000 0.098297 0.000000 0.000000 0.000000 0.000000 0.000000 0.000000 0.006239 0.000000 0.000000 0.000000 0.000000 0.000000 0.000000
0.418940 0.032344 0.000000 0.071142 0.000000 0.000000 0.000000 0.245113 0.232831 0.279687 0.013232 0.000000 0.000000 0.118597 0.426944 0.000000 0.060792 0.000000 0.000000 0.000000 0.000000 0.000000 0.042744 0.000000 0.000000 0.000000 0.000000 0.000000
0.179140 0.000000 0.048571 0.000000 0.331945 0.000000 0.000000 0.178720 0.118779 0.079279 0.123918 0.333317 0.001926 0.000000 0.000000 0.164258 0.001610 0.000000 0.137329 0.000000 0.000000 0.000000 0.019283 0.000000 0.000000 0.000000 0.000000 0.000000
0.000000 0.000000 0.000000 0.000000 0.000000 0.000000 0.000000 0.049919 0.125809 0.000000 0.194956 0.225042 0.091131 0.000000 0.000000 0.257552 0.187147 0.000000 0.000000 0.099644 0.000000 0.000000 0.000000 0.000000 0.000000 0.000000 0.000000 0.000000
0.016480 0.220879 0.063871 0.000000 0.000000 0.000000 0.000000 0.000000 0.156890 0.000000 0.000000 0.361850 0.371328 0.000000 0.000000 0.000000 0.000000 0.000000 0.000000 0.000000 0.000000 0.000000 0.000000 0.030192 0.000000 0.000000 0.000000 0.000000
0.030575 0.170298 0.285606 0.000000 0.000000 0.000000 0.000000 0.000000 0.000000 0.101036 0.000000 0.001925 0.000000 0.000000 0.000000 0.000000 0.000000 0.000000 0.000000 0.000000 0.000000 0.000000 0.000000 0.000000 0.000000 0.000000 0.000000 0.000000
0.000000 0.000000 0.000000 0.019936 0.000000 0.000000 0.000000 0.000000 0.000000 0.026479 0.000000 0.000000 0.000000 0.000741 0.000000 0.000000 0.001636 0.000000 0.000000 0.000000 0.004546 0.000000 0.000000 0.000000 0.000000 0.000000 0.000000 0.000000
0.059913 0.000000 0.000000 0.021870 0.000000 0.000000 0.000000 0.000000 0.000000 0.000000 0.008900 0.028957 0.000000 0.000000 0.000000 0.097873 0.000000 0.000000 0.000000 0.064769 0.000000 0.000000 0.089509 0.000000 0.000000 0.000000 0.000000 0.031869
0.000000 0.000000 0.000000 0.000000 0.000000 0.000000 0.000000 0.000000 0.003494 0.000000 0.000000 0.000000 0.033159 0.051463 0.056035 0.100997 0.051289 0.000000 0.000000 0.000000 0.000000 0.000000 0.087810 0.052206 0.000000 0.000000 0.000000 0.005800
0.000000 0.000000 0.000000 0.000000 0.000000 0.000000 0.000000 0.000000 0.000000 0.000000 0.000000 0.000000 0.038558 0.000000 0.000000 0.205404 0.071292 0.000000 0.000000 0.052057 0.000000 0.000000 0.000000 0.024610 0.000000 0.000000 0.000000 0.000000
0.000000 0.000000 0.000000 0.014093 0.000000 0.000000 0.000000 0.000000 0.000000 0.000000 0.000000 0.035742 0.000000 0.000000 0.000000 0.021545 0.012888 0.016906 0.000000 0.000000 0.000000 0.000000 0.000000 0.005130 0.000000 0.000000 0.029017 0.068588
0.019108 0.000000 0.000000 0.035053 0.000000 0.000000 0.000000 0.000000 0.000000 0.000000 0.000000 0.000000 0.000000 0.055307 0.006853 0.000000 0.077103 0.311656 0.092707 0.071386 0.000000 0.068731 0.013112 0.000000 0.000000 0.000000 0.105686 0.195167
0.189250 0.000000 0.047531 0.007479 0.000000 0.000000 0.000000 0.000000 0.209640 0.000000 0.000000 0.000000 0.000000 0.000000 0.000000 0.000000 0.000000 0.317391 0.271101 0.000000 0.000000 0.000000 0.096333 0.000000 0.000000 0.000000 0.000000 0.053983
0.397199 0.000000 0.000000 0.000000 0.000000 0.000000 0.000000 0.000000 0.101571 0.000000 0.000000 0.019158 0.000000 0.000000 0.000000 0.000000 0.000000 0.221515 0.432937 0.128813 0.000000 0.000000 0.000000 0.000000 0.000000 0.000000 0.000000 0.158635
0.328947 0.229617 0.000000 0.000000 0.000000 0.000000 0.000000 0.000000 0.000000 0.003693 0.103536 0.000000 0.000000 0.000000 0.000000 0.000000 0.000000 0.000000 0.064338 0.000000 0.010025 0.055234 0.000000 0.010856 0.000000 0.000000 0.000000 0.084140
0.041282 0.241699 0.037081 0.163727 0.000000 0.000000 0.023977 0.000000 0.000000 0.000000 0.067339 0.000000 0.000000 0.000000 0.000000 0.000000 0.000000 0.000000 0.073586 0.000000 0.000000 0.016250 0.264802 0.000000 0.088091 0.000000 0.000000 0.000000
0.000000 0.050093 0.260736 0.199648 0.000000 0.000000 0.018141 0.000235 0.000000 0.000000 0.000000 0.000000 0.000000 0.000000 0.000000 0.000000 0.000000 0.000000 0.187927 0.000000 0.000000 0.011181 0.144793 0.050083 0.000000 0.000000 0.000000 0.023740
0.047552 0.028348 0.214030 0.221209 0.000000 0.000000 0.188413 0.139872 0.000000 0.000000 0.000000 0.000000 0.000000 0.000000 0.000000 0.000000 0.000000 0.000000 0.090617 0.000000 0.000000 0.000000 0.232620 0.017753 0.000000 0.000000 0.000000 0.312924
0.000000 0.000000 0.180094 0.109726 0.016830 0.000000 0.577473 0.247163 0.000000 0.000000 0.000000 0.000000 0.000000 0.000000 0.000000 0.000000 0.000000 0.000000 0.000000 0.000000 0.000000 0.000000 0.103265 0.082523 0.000000 0.000000 0.000000 0.025695
0.000000 0.000000 0.256480 0.058087 0.000000 0.134862 0.739139 0.240030 0.000000 0.000000 0.000000 0.000000 0.000000 0.000000 0.000000 0.000000 0.000000 0.025713 0.000000 0.000000 0.000000 0.162534 0.018298 0.000000 0.000000 0.000000 0.007335 0.111291
0.002644 0.000000 0.024171 0.000000 0.000000 0.038200 0.223695 0.282378 0.025160 0.000000 0.029627 0.000000 0.000000 0.000000 0.000000 0.000000 0.000000 0.012792 0.000000 0.032941 0.000000 0.000552 0.000000 0.000000 0.000000 0.000000 0.000000 0.000000
0.000000 0.000000 0.000000 0.000000 0.000000 0.068017 0.015036 0.000000 0.016817 0.000000 0.000000 0.000000 0.000000 0.000000 0.001873 0.000000 0.000000 0.000000 0.000000 0.000000 0.000000 0.000000 0.069548 0.000000 0.000000 0.000000 0.000000 0.000000
0.081043 0.000000 0.000000 0.000000 0.036875 0.000000 0.000000 0.000000 0.000000 0.000000 0.000000 0.000000 0.019481 0.000000 0.000000 0.000000 0.000000 0.000000 0.000000 0.000000 0.000000 0.000000 0.000000 0.000000 0.000000 0.000000 0.172291 0.000000
0.241815 0.000000 0.000000 0.000000 0.000000 0.000000 0.178767 0.000000 0.000000 0.000000 0.000000 0.000000 0.097758 0.000000 0.000000 0.000000 0.000000 0.000000 0.088769 0.000000 0.000000 0.000000 0.000000 0.000000 0.000000 0.000000 0.000000 0.000000
