0.092141 0.109688 0.119694 0.009199 0.176633 0.269160 0.323030 0.267419 0.162497 0.245655 0.198157 0.219422 0.238965 0.252851
0.014264 0.000000 0.000000 0.000000 0.112317 0.055006 0.241884 0.262756 0.189446 0.117650 0.224684 0.276654 0.255159 0.345372
0.137853 0.000000 0.000000 0.000000 0.087600 0.000000 0.174674 0.362535 0.346755 0.315776 0.349699 0.335264 0.304056 0.361421
0.087017 0.119428 0.033639 0.131491 0.137260 0.000000 0.154664 0.307063 0.445148 0.192254 0.325962 0.311312 0.261494 0.258810
0.054932 0.217958 0.182651 0.140672 0.142908 0.064940 0.000000 0.292473 0.245676 0.360220 0.358580 0.281863 0.271278 0.341528
0.194971 0.170903 0.169603 0.142988 0.114527 0.028255 0.000000 0.000000 0.099080 0.272811 0.328986 0.257783 0.160017 0.195347
0.237194 0.181659 0.166075 0.155138 0.155311 0.091756 0.011316 0.000000 0.000000 0.132168 0.276621 0.270726 0.171659 0.184334
0.152695 0.148146 0.145860 0.021097 0.222036 0.217621 0.066771 0.000000 0.002997 0.007622 0.165262 0.190313 0.219025 0.226447
0.160628 0.149711 0.184116 0.185563 0.242309 0.189298 0.080566 0.108731 0.000000 0.000000 0.132797 0.182297 0.056421 0.207217
0.127623 0.110025 0.185235 0.284864 0.174615 0.179849 0.186664 0.106655 0.000000 0.044226 0.104819 0.131362 0.068563 0.057708
0.098774 0.048853 0.249041 0.292478 0.225089 0.152840 0.136774 0.177620 0.099010 0.084086 0.039886 0.087333 0.006210 0.000000
0.143872 0.094486 0.247091 0.269411 0.145106 0.216341 0.240109 0.280884 0.324514 0.072274 0.104104 0.216958 0.283343 0.073024
0.166303 0.018134 0.157985 0.148858 0.144621 0.154588 0.023537 0.117181 0.150012 0.210923 0.121860 0.203536 0.178333 0.000000
0.235653 0.086831 0.174549 0.132791 0.035235 0.146485 0.219010 0.289777 0.107940 0.141938 0.084878 0.065109 0.029066 0.000000
