0.220319 0.632989 0.652636 0.058172 0.000000 0.220782 0.556716 0.355136 0.000000 0.030945 0.043015 0.024080 0.000000 0.000000 0.000000 0.257723 0.057270 0.223283 0.143723 0.083237 0.243038 0.443104 0.046098 0.115738 0.231009 0.000000 0.229612 0.545348
0.605754 0.340135 0.204713 0.000000 0.000000 0.000000 0.357156 0.310118 0.000000 0.280641 0.008828 0.106806 0.050537 0.000000 0.000000 0.000000 0.000000 0.003095 0.000000 0.027746 0.071571 0.087127 0.000000 0.059497 0.138387 0.000000 0.000000 0.323257
0.406560 0.010215 0.000000 0.000000 0.000000 0.000000 0.000000 0.096116 0.015639 0.000000 0.115294 0.141734 0.000000 0.006799 0.024890 0.000000 0.000000 0.000000 0.000000 0.000000 0.000000 0.000000 0.000000 0.177893 0.114684 0.007735 0.002714 0.000049
0.139388 0.000000 0.069898 0.000000 0.000000 0.000000 0.000000 0.014212 0.011291 0.000000 0.000000 0.097513 0.000000 0.000634 0.278305 0.003423 0.000000 0.000962 0.000000 0.000000 0.014795 0.000000 0.000000 0.008709 0.195701 0.000000 0.000000 0.000000
0.227512 0.091620 0.000000 0.000000 0.535716 0.062133 0.000000 0.059214 0.300045 0.000000 0.006579 0.208735 0.000000 0.000000 0.000000 0.000000 0.000000 0.003673 0.060484 0.000000 0.000000 0.000000 0.000000 0.000000 0.000000 0.260836 0.276402 0.000000
0.000000 0.393824 0.000000 0.000000 0.252347 0.060506 0.000000 0.000000 0.000034 0.000000 0.054295 0.037878 0.000000 0.000000 0.126318 0.000000 0.073509 0.182802 0.124799 0.000000 0.000000 0.000000 0.000000 0.000000 0.079158 0.187699 0.137331 0.000000
0.000000 0.338368 0.076540 0.000000 0.000000 0.000000 0.000000 0.000000 0.001162 0.000287 0.000000 0.196711 0.099049 0.361668 0.081031 0.000000 0.059319 0.000000 0.000000 0.000000 0.038670 0.068263 0.000000 0.000000 0.000000 0.157448 0.114142 0.294664
0.077270 0.465847 0.610329 0.414316 0.309563 0.000000 0.000000 0.000000 0.001277 0.000000 0.000000 0.000000 0.372713 0.261328 0.000000 0.279075 0.202596 0.000000 0.000000 0.065915 0.301537 0.000000 0.000000 0.000000 0.000000 0.000000 0.000000 0.000000
0.000000 0.017402 0.110727 0.091470 0.084772 0.065226 0.001734 0.000714 0.000000 0.000000 0.000000 0.000000 0.224234 0.082141 0.000000 0.000000 0.187475 0.000000 0.000000 0.000000 0.042639 0.000000 0.000000 0.105152 0.000000 0.000000 0.007270 0.005675
0.000000 0.000000 0.075298 0.064454 0.000000 0.000000 0.000000 0.000000 0.000000 0.000000 0.000445 0.000000 0.184127 0.250679 0.000996 0.000000 0.000000 0.000000 0.000000 0.000000 0.000000 0.000000 0.002518 0.000000 0.000000 0.000000 0.000000 0.000000
0.000000 0.000000 0.004925 0.000000 0.000000 0.000000 0.000000 0.000000 0.005128 0.041101 0.007605 0.000000 0.000000 0.000000 0.000000 0.000000 0.000000 0.000000 0.000000 0.000000 0.013676 0.001792 0.000000 0.000000 0.000000 0.000000 0.000000 0.000000
0.000000 0.000000 0.000000 0.000000 0.000000 0.000000 0.001471 0.000000 0.001146 0.000000 0.000000 0.000000 0.000000 0.000000 0.000000 0.000000 0.000000 0.000000 0.002172 0.000000 0.000000 0.000000 0.000000 0.000000 0.000000 0.002096 0.000000 0.000000
0.032918 0.000000 0.000881 0.006986 0.000391 0.000000 0.002136 0.000000 0.000000 0.000000 0.000000 0.000000 0.001387 0.000886 0.000000 0.000000 0.000000 0.000000 0.000000 0.000000 0.000000 0.000000 0.000000 0.000000 0.000000 0.000000 0.000000 0.000000
0.000000 0.000000 0.000000 0.000000 0.000000 0.000000 0.000000 0.000000 0.000000 0.000000 0.000000 0.033732 0.008765 0.000000 0.000000 0.000000 0.000000 0.000000 0.000000 0.000000 0.000000 0.004819 0.002157 0.000000 0.000000 0.000000 0.000000 0.000000
0.000000 0.000000 0.000000 0.000000 0.000000 0.000000 0.000000 0.000000 0.000000 0.042194 0.019768 0.000000 0.000000 0.000000 0.000000 0.000000 0.000000 0.000000 0.000000 0.000000 0.000000 0.001221 0.000000 0.000000 0.000000 0.000000 0.000000 0.000000
0.000000 0.000000 0.000000 0.000000 0.000000 0.000000 0.000000 0.000000 0.052893 0.016074 0.000000 0.000000 0.000000 0.000000 0.001447 0.003193 0.000000 0.000000 0.000000 0.000000 0.000000 0.000000 0.000000 0.000000 0.000000 0.000000 0.000000 0.000000
0.000000 0.000000 0.000000 0.000000 0.003532 0.000000 0.000000 0.030544 0.023896 0.002159 0.000000 0.000000 0.000000 0.000000 0.000000 0.004223 0.000000 0.000000 0.000000 0.000000 0.000000 0.000000 0.000000 0.000000 0.000000 0.000000 0.000000 0.000000
0.000000 0.000000 0.001636 0.000000 0.000000 0.000000 0.000000 0.001496 0.000000 0.000000 0.000000 0.000000 0.000000 0.000000 0.000000 0.000000 0.000000 0.000000 0.000000 0.003283 0.000000 0.000000 0.000000 0.000000 0.000000 0.000000 0.000000 0.000000
0.000000 0.000000 0.000000 0.000000 0.000000 0.000000 0.000000 0.003557 0.000000 0.000000 0.000000 0.003869 0.000000 0.001537 0.002980 0.000000 0.007142 0.000000 0.000000 0.000000 0.005925 0.000933 0.000000 0.000000 0.000000 0.000000 0.000000 0.000000
0.000000 0.017858 0.000000 0.000008 0.000000 0.000000 0.000000 0.002424 0.000000 0.000000 0.000000 0.000000 0.000000 0.000000 0.000000 0.000000 0.000000 0.000196 0.000000 0.009199 0.000000 0.000000 0.000000 0.008674 0.000000 0.000000 0.000000 0.000000
0.000000 0.000000 0.000000 0.000000 0.000000 0.000000 0.000000 0.000000 0.000000 0.000000 0.000000 0.000000 0.000000 0.000000 0.000000 0.000000 0.000000 0.000000 0.000000 0.006052 0.000000 0.000000 0.000000 0.000000 0.000000 0.000000 0.000000 0.004092
0.000000 0.000000 0.000000 0.000000 0.000000 0.078144 0.117067 0.000000 0.000000 0.000000 0.000000 0.000000 0.005647 0.000000 0.000000 0.000000 0.000000 0.000000 0.000000 0.000000 0.017354 0.000000 0.000000 0.000000 0.002746 0.000000 0.000000 0.000000
0.000000 0.103347 0.000000 0.000000 0.000000 0.000000 0.000000 0.000000 0.000000 0.000000 0.001605 0.001410 0.005012 0.000000 0.069943 0.000000 0.042808 0.000000 0.000000 0.000000 0.000000 0.010548 0.000000 0.000000 0.000000 0.000000 0.000000 0.000000
0.000000 0.000000 0.000000 0.000000 0.000000 0.000000 0.000000 0.000000 0.005958 0.000000 0.001993 0.000000 0.000000 0.000000 0.000000 0.000000 0.000000 0.000402 0.000000 0.000000 0.000000 0.000000 0.000000 0.000000 0.000000 0.000000 0.000000 0.000000
0.000000 0.120565 0.000000 0.000000 0.000000 0.000000 0.000000 0.013915 0.000000 0.000000 0.000000 0.000000 0.000000 0.000000 0.000000 0.000000 0.000000 0.000000 0.000000 0.000000 0.000000 0.000000 0.000000 0.000000 0.000000 0.000000 0.000000 0.000000
0.000000 0.003992 0.000000 0.000000 0.000000 0.027495 0.002394 0.000000 0.000000 0.000000 0.000000 0.000000 0.000000 0.000000 0.000000 0.003240 0.000000 0.000000 0.000000 0.000000 0.004229 0.000000 0.000000 0.000000 0.000000 0.000000 0.000000 0.000000
0.000000 0.000000 0.000000 0.000000 0.000044 0.000000 0.016640 0.000000 0.000000 0.028482 0.000674 0.100147 0.000000 0.000000 0.000000 0.000000 0.000000 0.000000 0.000000 0.000000 0.000000 0.000000 0.000000 0.000000 0.000000 0.000000 0.000000 0.000000
0.000000 0.006822 0.000000 0.008326 0.009485 0.000000 0.000000 0.000000 0.000863 0.000000 0.000000 0.000000 0.000000 0.000000 0.000000 0.000000 0.000000 0.000000 0.000000 0.000000 0.001307 0.000000 0.011312 0.004633 0.007578 0.004602 0.000000 0.000000
