0.108282 0.000000 0.000000 0.000000 0.000000 0.044953 0.102829 0.000000 0.057737 0.159394 0.166958 0.163985 0.165006 0.051556 0.082806 0.078615 0.066890 0.178504 0.163303 0.110960 0.030546 0.094755 0.000000 0.000000 0.138108 0.188813 0.076776 0.125427
0.000000 0.000000 0.000000 0.000000 0.000000 0.000000 0.000000 0.001513 0.000000 0.069580 0.023404 0.037024 0.094607 0.000000 0.000000 0.000000 0.000000 0.000000 0.034593 0.079680 0.000000 0.000000 0.000000 0.000000 0.043585 0.000000 0.000000 0.041757
0.000000 0.000000 0.000000 0.000000 0.000000 0.000000 0.185465 0.250490 0.220994 0.016000 0.091308 0.131247 0.098716 0.000000 0.000000 0.000000 0.000000 0.000000 0.000000 0.008752 0.000000 0.000000 0.000000 0.000000 0.037525 0.000000 0.000000 0.000000
0.000000 0.000000 0.000000 0.000000 0.000000 0.000000 0.126789 0.132050 0.078700 0.072534 0.000000 0.092390 0.080375 0.000000 0.000000 0.000000 0.000000 0.000000 0.073624 0.081380 0.000000 0.000000 0.000000 0.034709 0.134214 0.000000 0.000000 0.000000
0.000000 0.000000 0.000000 0.000000 0.000000 0.000000 0.005573 0.146909 0.087826 0.000000 0.043307 0.201456 0.088240 0.000000 0.000000 0.000000 0.000000 0.000000 0.000000 0.000000 0.000000 0.000000 0.000000 0.018804 0.155431 0.000000 0.000000 0.000000
0.000000 0.000000 0.000000 0.000000 0.000000 0.000000 0.000000 0.000000 0.000000 0.000000 0.051929 0.196331 0.086526 0.000000 0.000000 0.000000 0.000000 0.000000 0.006330 0.078748 0.000000 0.000000 0.000000 0.000000 0.000000 0.000000 0.014477 0.076091
0.055851 0.000000 0.000000 0.000000 0.000000 0.000000 0.000000 0.000000 0.000000 0.000000 0.125817 0.227784 0.153871 0.015036 0.000000 0.000000 0.000000 0.035947 0.017971 0.174411 0.000000 0.000000 0.000000 0.000000 0.000000 0.000000 0.042086 0.059038
0.258520 0.000000 0.000000 0.000000 0.000000 0.000000 0.000000 0.000000 0.000000 0.000000 0.000000 0.234059 0.168173 0.216609 0.000000 0.000000 0.000000 0.047998 0.102895 0.068655 0.000000 0.000000 0.000000 0.000000 0.000000 0.000000 0.000000 0.151454
0.280397 0.000000 0.000000 0.000000 0.000000 0.000000 0.000000 0.000000 0.000000 0.000000 0.000000 0.032776 0.165481 0.338167 0.080942 0.146270 0.105150 0.050010 0.033135 0.000000 0.000000 0.000000 0.000000 0.000000 0.000000 0.000000 0.000000 0.011123
0.128994 0.000000 0.000000 0.000000 0.000000 0.000000 0.000000 0.000000 0.000000 0.000000 0.000000 0.000000 0.088848 0.169420 0.038901 0.037021 0.063684 0.046973 0.000000 0.000000 0.000000 0.000000 0.000000 0.028225 0.000000 0.000000 0.000000 0.007670
0.000000 0.000000 0.000000 0.000000 0.000000 0.000000 0.000000 0.000000 0.000000 0.000000 0.000000 0.000000 0.000000 0.000000 0.000000 0.042977 0.053601 0.141279 0.109150 0.084744 0.059870 0.006364 0.022059 0.120012 0.053419 0.000000 0.000000 0.050119
0.000000 0.000000 0.000000 0.000000 0.000000 0.000000 0.000000 0.000000 0.000000 0.000000 0.000000 0.000000 0.000000 0.000000 0.000000 0.000000 0.007450 0.013239 0.034579 0.079367 0.046030 0.000000 0.070194 0.152305 0.050933 0.044332 0.042987 0.154982
0.000000 0.000000 0.000000 0.000000 0.000000 0.000000 0.000000 0.000000 0.000000 0.000000 0.000000 0.000000 0.000000 0.000000 0.000000 0.000000 0.000000 0.064695 0.052510 0.047456 0.000000 0.000000 0.000000 0.000000 0.000000 0.007066 0.071235 0.107462
0.000000 0.000000 0.000000 0.000000 0.000000 0.000000 0.000000 0.000000 0.000000 0.000000 0.000000 0.000000 0.000000 0.000000 0.000000 0.013241 0.000000 0.059138 0.069308 0.052186 0.007547 0.000000 0.000000 0.000000 0.000000 0.069458 0.097109 0.118883
0.000000 0.000000 0.000000 0.000000 0.000000 0.000000 0.000000 0.000000 0.000000 0.000000 0.000000 0.000000 0.000000 0.000000 0.000000 0.000000 0.000000 0.040713 0.041588 0.068863 0.055419 0.000000 0.000000 0.000000 0.000000 0.123155 0.152523 0.171734
0.000000 0.000000 0.000000 0.000000 0.000000 0.000000 0.000000 0.000000 0.000000 0.000000 0.000000 0.000000 0.000000 0.000000 0.000000 0.000000 0.000000 0.000000 0.000000 0.050067 0.005882 0.016091 0.031487 0.000000 0.000000 0.148225 0.155903 0.065170
0.000000 0.000000 0.000000 0.000000 0.000000 0.000000 0.000000 0.000000 0.000000 0.000000 0.000000 0.000000 0.000000 0.000000 0.000000 0.000000 0.000000 0.000000 0.000000 0.000000 0.023712 0.098619 0.017896 0.000000 0.054365 0.159281 0.119210 0.133784
0.000000 0.000000 0.000000 0.000000 0.000000 0.000000 0.000000 0.000000 0.000000 0.000000 0.000000 0.000000 0.000000 0.000000 0.000000 0.000000 0.000000 0.000000 0.000000 0.000000 0.000000 0.000000 0.000000 0.000000 0.097443 0.230210 0.245801 0.170266
0.164208 0.000000 0.000000 0.000000 0.000000 0.000000 0.000000 0.000000 0.000000 0.000000 0.000000 0.000000 0.000000 0.000000 0.000000 0.000000 0.000000 0.000000 0.000000 0.000000 0.000000 0.000000 0.000000 0.004881 0.145307 0.392062 0.364287 0.289949
0.154280 0.000000 0.000000 0.000000 0.000000 0.000000 0.000000 0.000000 0.000000 0.000000 0.000000 0.000000 0.000000 0.000000 0.000000 0.000000 0.000000 0.000000 0.000000 0.000000 0.000000 0.000000 0.000000 0.075909 0.138058 0.299197 0.406324 0.418007
0.176319 0.000000 0.000000 0.000000 0.000000 0.041398 0.000000 0.000000 0.000000 0.000000 0.000000 0.000000 0.000000 0.000000 0.000000 0.000000 0.000000 0.000000 0.000000 0.068680 0.129241 0.101723 0.000000 0.000000 0.122836 0.273754 0.430629 0.369043
0.099942 0.000000 0.000000 0.000000 0.002756 0.126451 0.031851 0.000000 0.000000 0.000000 0.000000 0.000000 0.000000 0.000000 0.000000 0.000000 0.000000 0.000000 0.000000 0.055073 0.262667 0.190753 0.058849 0.000000 0.026732 0.072701 0.189204 0.221632
0.153342 0.036543 0.030153 0.114873 0.051975 0.187651 0.092246 0.000000 0.000000 0.000000 0.000000 0.000000 0.000000 0.000000 0.000000 0.000000 0.000000 0.000000 0.000000 0.057894 0.246419 0.226884 0.069947 0.000000 0.000000 0.017846 0.233894 0.213981
0.119648 0.000000 0.000000 0.191748 0.199516 0.264251 0.015048 0.000000 0.000000 0.000000 0.000000 0.000000 0.000000 0.000000 0.000000 0.000000 0.000000 0.000000 0.000000 0.052707 0.225892 0.200427 0.072899 0.000000 0.002579 0.000000 0.012251 0.113379
0.037719 0.000000 0.000000 0.246535 0.300816 0.240645 0.000000 0.000000 0.000000 0.000000 0.000000 0.000000 0.000000 0.000000 0.000000 0.000000 0.000000 0.000000 0.000000 0.052863 0.214168 0.285870 0.166444 0.046429 0.000000 0.000000 0.012909 0.113750
0.037424 0.000000 0.069137 0.387381 0.291271 0.206850 0.040011 0.000000 0.000000 0.000000 0.000000 0.000000 0.000000 0.000000 0.000000 0.000000 0.000000 0.000000 0.000000 0.054232 0.279328 0.399479 0.226563 0.113856 0.000000 0.000000 0.000000 0.031536
0.000000 0.000000 0.000000 0.256223 0.232322 0.090654 0.000000 0.000000 0.000000 0.000000 0.000000 0.000000 0.000000 0.000000 0.000000 0.000000 0.000000 0.000000 0.079439 0.128811 0.312348 0.318195 0.214947 0.024878 0.000000 0.000000 0.000000 0.000000
0.000000 0.000000 0.000000 0.134932 0.105593 0.000000 0.000000 0.000000 0.000000 0.000000 0.000000 0.000000 0.000000 0.000000 0.000000 0.000000 0.000000 0.075923 0.037784 0.000000 0.105856 0.056883 0.052086 0.000000 0.000000 0.000000 0.000000 0.000000
