0.225347 0.205528 0.198941 0.206069 0.218472 0.254240 0.308512 0.226824 0.243045 0.258206 0.248522 0.227345 0.201261 0.170077 0.146270 0.130211 0.073469 0.046525 0.056409 0.086879 0.012017 0.018268 0.065930 0.005253 0.004936 0.005482 0.009532 0.005626 0.043737 0.034891 0.077940 0.092809 0.050116 0.082380 0.143901 0.101471 0.082229 0.142080 0.055329 0.072568 0.211833 0.206023 0.191493 0.185407 0.128777 0.104054 0.140980 0.140361 0.125449 0.022154 0.013969 0.127391 0.198427 0.200123 0.220033 0.137104
0.222582 0.159690 0.158247 0.167825 0.219081 0.201970 0.336047 0.257386 0.215176 0.253637 0.256649 0.249684 0.190840 0.076516 0.070935 0.130076 0.064982 0.034512 0.033443 0.030369 0.005146 0.005129 0.032546 0.004672 0.005599 0.005067 0.005236 0.005102 0.005498 0.005283 0.005013 0.119285 0.006495 0.006630 0.124245 0.052226 0.004671 0.007651 0.068140 0.058184 0.100326 0.162564 0.113615 0.098148 0.078934 0.054501 0.076522 0.106326 0.110654 0.005496 0.004805 0.005684 0.062383 0.171642 0.181035 0.127596
0.227799 0.158901 0.169406 0.202651 0.224323 0.194058 0.294572 0.199908 0.125107 0.093910 0.218772 0.282205 0.256448 0.082970 0.053321 0.076806 0.076037 0.097636 0.101308 0.044119 0.005990 0.004783 0.005105 0.054733 0.005507 0.004908 0.005254 0.004919 0.005835 0.005038 0.005373 0.004911 0.005160 0.005808 0.017313 0.021639 0.004680 0.004841 0.037646 0.066803 0.053913 0.140855 0.057255 0.005681 0.005160 0.069722 0.056260 0.060592 0.051265 0.004705 0.005587 0.005061 0.005439 0.133871 0.141683 0.102301
0.227792 0.170920 0.177504 0.236595 0.271444 0.315802 0.238116 0.125983 0.076290 0.055551 0.071077 0.282257 0.267859 0.221056 0.106942 0.108886 0.037133 0.056802 0.150328 0.202054 0.006355 0.004871 0.005475 0.070084 0.006279 0.004798 0.005220 0.004784 0.006095 0.005604 0.005718 0.005020 0.005276 0.005185 0.005483 0.013588 0.033144 0.005244 0.005073 0.004932 0.004930 0.060009 0.059987 0.005640 0.005501 0.005611 0.025425 0.021845 0.005366 0.039507 0.052530 0.004934 0.007045 0.092918 0.092936 0.058048
0.226101 0.173496 0.203441 0.277210 0.214660 0.179664 0.121341 0.100840 0.059739 0.038004 0.031679 0.228609 0.278802 0.192865 0.133053 0.209538 0.181675 0.190497 0.210243 0.113946 0.006036 0.004627 0.007539 0.019052 0.005334 0.005272 0.005561 0.004983 0.005648 0.005249 0.005461 0.006395 0.005605 0.005700 0.005245 0.005277 0.025532 0.005026 0.005489 0.004408 0.004867 0.005038 0.005451 0.004840 0.005264 0.005701 0.004979 0.054826 0.019963 0.006431 0.004924 0.005198 0.005440 0.005672 0.005510 0.014558
0.167514 0.160369 0.235780 0.187937 0.158476 0.192728 0.140121 0.075761 0.047810 0.036395 0.027654 0.038742 0.175273 0.174998 0.143317 0.213588 0.243688 0.126650 0.171610 0.057576 0.005775 0.004820 0.008540 0.005007 0.005573 0.005401 0.005349 0.004258 0.015321 0.004773 0.005400 0.006358 0.005654 0.005935 0.005514 0.005297 0.005112 0.004939 0.004853 0.005378 0.005047 0.005576 0.005119 0.005236 0.005495 0.005328 0.014329 0.061137 0.103378 0.005132 0.005264 0.005642 0.005684 0.005495 0.005603 0.012457
0.159739 0.155295 0.225372 0.194516 0.338516 0.428268 0.219524 0.083881 0.066215 0.047758 0.039554 0.037316 0.038016 0.042807 0.078328 0.114140 0.216766 0.096580 0.171092 0.052820 0.005298 0.005131 0.019612 0.005149 0.005063 0.005444 0.004577 0.005595 0.067887 0.005143 0.005872 0.005803 0.005202 0.004761 0.005171 0.005171 0.005265 0.004987 0.005007 0.005510 0.005331 0.005587 0.005241 0.005430 0.005609 0.005316 0.005358 0.068749 0.069667 0.008173 0.005632 0.005709 0.005618 0.005190 0.005593 0.011296
0.163264 0.109394 0.227981 0.189146 0.280588 0.342412 0.196986 0.072670 0.108252 0.072678 0.059425 0.048270 0.059367 0.073311 0.113311 0.173806 0.257130 0.059183 0.231721 0.091765 0.051672 0.004897 0.046538 0.004743 0.004846 0.004917 0.004772 0.005680 0.005229 0.005567 0.005626 0.005436 0.005605 0.005858 0.005343 0.005746 0.005590 0.005682 0.005589 0.005172 0.005167 0.005516 0.005009 0.005206 0.006091 0.005142 0.005116 0.005221 0.005924 0.004971 0.005697 0.005327 0.005356 0.005037 0.005658 0.014197
0.140060 0.197783 0.266542 0.258531 0.298607 0.206949 0.112846 0.176304 0.278420 0.286804 0.228876 0.048021 0.067327 0.077349 0.132332 0.220464 0.253744 0.042560 0.122732 0.116362 0.059679 0.044621 0.059605 0.028916 0.017190 0.005397 0.005990 0.005634 0.005158 0.004901 0.004877 0.005340 0.004955 0.006158 0.005469 0.005359 0.023050 0.005372 0.005806 0.005180 0.005612 0.005050 0.005473 0.005120 0.005813 0.004867 0.005833 0.005349 0.005024 0.004589 0.071170 0.146643 0.119714 0.089875 0.006138 0.015351
0.129802 0.275189 0.280054 0.269869 0.295040 0.111988 0.076422 0.215734 0.353919 0.450139 0.286647 0.134263 0.075054 0.077332 0.134581 0.180937 0.192466 0.053668 0.042025 0.106926 0.113510 0.076393 0.084859 0.004971 0.005097 0.005417 0.005301 0.005203 0.005016 0.005351 0.005460 0.004760 0.004729 0.005439 0.005221 0.011211 0.047565 0.010752 0.005803 0.005994 0.005727 0.005262 0.005547 0.005439 0.005182 0.004824 0.005735 0.005726 0.004954 0.028416 0.138642 0.158999 0.156132 0.086702 0.006034 0.012597
0.098979 0.239328 0.262470 0.231299 0.289832 0.113828 0.070257 0.145970 0.233808 0.260704 0.265931 0.146372 0.078589 0.075167 0.088355 0.126597 0.149562 0.009974 0.047092 0.147855 0.142192 0.091713 0.084076 0.004881 0.005714 0.005537 0.005538 0.023462 0.024497 0.005595 0.005342 0.005419 0.005578 0.044461 0.005180 0.005127 0.063935 0.028918 0.005174 0.004758 0.005119 0.004777 0.005462 0.005738 0.005167 0.005636 0.005243 0.005756 0.096994 0.114970 0.123476 0.115628 0.116394 0.066997 0.005470 0.013034
0.087002 0.221411 0.282252 0.219252 0.182226 0.107571 0.068649 0.064668 0.064351 0.110444 0.126958 0.079216 0.061467 0.061335 0.076135 0.064262 0.066015 0.014494 0.037989 0.186326 0.165404 0.162852 0.089590 0.005218 0.005590 0.005383 0.070878 0.062376 0.074628 0.005489 0.005126 0.005976 0.005417 0.034259 0.005714 0.009749 0.032486 0.005766 0.004634 0.005109 0.005126 0.005191 0.005897 0.005467 0.005739 0.005504 0.091361 0.114255 0.068377 0.059362 0.106460 0.122789 0.127317 0.130350 0.097678 0.066404
0.068817 0.173023 0.250327 0.261762 0.141984 0.069753 0.035318 0.053512 0.058060 0.052986 0.077598 0.070013 0.056914 0.062377 0.071551 0.056417 0.025382 0.004856 0.019816 0.102441 0.247394 0.183223 0.181538 0.066009 0.027700 0.044968 0.135244 0.085293 0.074256 0.015692 0.005418 0.004991 0.004644 0.005358 0.005798 0.004491 0.042522 0.005388 0.008147 0.034783 0.027894 0.011914 0.005473 0.005071 0.005584 0.005618 0.005576 0.005466 0.005869 0.005533 0.094735 0.073754 0.075890 0.136582 0.137531 0.103123
0.213295 0.341240 0.297504 0.290961 0.162337 0.021600 0.004811 0.075503 0.163075 0.146470 0.062825 0.069085 0.066481 0.065366 0.071887 0.054612 0.035299 0.032200 0.028953 0.036868 0.115166 0.174268 0.159440 0.087851 0.027503 0.122546 0.132523 0.088559 0.078949 0.046362 0.061943 0.067259 0.037830 0.005108 0.005663 0.005249 0.005030 0.004917 0.067117 0.057648 0.041418 0.044430 0.036036 0.005461 0.005463 0.005427 0.005927 0.005807 0.005429 0.005830 0.037862 0.017145 0.043388 0.116782 0.106847 0.050489
0.233740 0.318029 0.241514 0.222469 0.215142 0.152956 0.142255 0.162677 0.152723 0.169143 0.066176 0.072381 0.066903 0.062465 0.046629 0.040194 0.032298 0.046426 0.048322 0.044577 0.059130 0.140185 0.157079 0.169013 0.092168 0.089244 0.057374 0.046659 0.031392 0.065337 0.112146 0.115215 0.095308 0.051854 0.019489 0.005335 0.005273 0.005624 0.005142 0.140845 0.067666 0.040844 0.005882 0.005361 0.005327 0.005250 0.005318 0.005188 0.004805 0.005360 0.042058 0.005915 0.005654 0.005314 0.005669 0.011410
0.347533 0.241232 0.247015 0.157875 0.063164 0.020504 0.017342 0.045064 0.123883 0.141009 0.108704 0.078892 0.061605 0.059420 0.048553 0.040494 0.032386 0.046135 0.046832 0.047777 0.049512 0.066533 0.235283 0.226538 0.205811 0.069910 0.030515 0.033772 0.023399 0.004862 0.025853 0.068708 0.090808 0.056670 0.051857 0.042950 0.006109 0.005443 0.005210 0.089509 0.058989 0.004694 0.005247 0.005112 0.005233 0.005621 0.005666 0.005468 0.005266 0.005234 0.005562 0.005033 0.005362 0.005332 0.004948 0.011055
0.185442 0.169757 0.133722 0.105769 0.060506 0.033934 0.062067 0.097124 0.112877 0.127217 0.108838 0.101109 0.068186 0.063585 0.067982 0.055656 0.046864 0.044103 0.042019 0.037478 0.051841 0.059596 0.135431 0.194436 0.210562 0.127932 0.063514 0.052363 0.023636 0.005849 0.005265 0.005424 0.015917 0.006395 0.004712 0.005126 0.005791 0.004890 0.005191 0.006085 0.005384 0.005630 0.005523 0.005331 0.005437 0.005288 0.004594 0.005473 0.005512 0.006010 0.005316 0.005145 0.005274 0.005448 0.005332 0.012747
0.176575 0.115620 0.119739 0.086688 0.056376 0.043733 0.059641 0.086055 0.128368 0.151722 0.108126 0.085958 0.062818 0.060649 0.060228 0.049181 0.047342 0.036228 0.027673 0.035098 0.048349 0.065839 0.108878 0.202800 0.196879 0.096959 0.069601 0.014735 0.005619 0.004863 0.005357 0.005859 0.005489 0.005358 0.004989 0.006580 0.005561 0.004902 0.005719 0.005868 0.005429 0.005885 0.005524 0.005595 0.005552 0.004891 0.005234 0.005622 0.004984 0.004912 0.005353 0.005796 0.005805 0.005426 0.005510 0.013588
0.174422 0.128394 0.132980 0.117054 0.112082 0.106601 0.098257 0.119732 0.133659 0.130903 0.104584 0.074996 0.077463 0.071196 0.065582 0.061492 0.058201 0.039732 0.023745 0.022667 0.029362 0.040281 0.057391 0.201099 0.147578 0.088696 0.037751 0.005871 0.005516 0.005222 0.005660 0.005815 0.005287 0.005457 0.005487 0.005085 0.004977 0.005476 0.005831 0.005822 0.005334 0.005631 0.005625 0.005668 0.005682 0.005488 0.005607 0.005554 0.005434 0.005079 0.005205 0.006229 0.005940 0.005477 0.005538 0.012526
0.174874 0.142055 0.147460 0.154445 0.158092 0.142416 0.137449 0.126839 0.120677 0.102572 0.106528 0.087788 0.076917 0.074438 0.064311 0.061155 0.043461 0.041132 0.019758 0.014288 0.016924 0.028949 0.035643 0.096083 0.167449 0.073486 0.061578 0.005522 0.005629 0.005555 0.005199 0.005614 0.005449 0.005615 0.005196 0.005083 0.005063 0.005593 0.005564 0.005668 0.004924 0.004883 0.005233 0.005297 0.005254 0.005281 0.005729 0.005607 0.005979 0.005543 0.005560 0.006115 0.005093 0.005589 0.005246 0.013528
0.183370 0.148641 0.123849 0.121571 0.133189 0.134849 0.126737 0.119836 0.103147 0.097270 0.100779 0.090440 0.080214 0.072208 0.058235 0.045847 0.043132 0.035461 0.023226 0.022741 0.027883 0.023750 0.027930 0.036949 0.074416 0.165403 0.052683 0.004453 0.004908 0.005670 0.005565 0.005867 0.005251 0.005197 0.005723 0.005426 0.005390 0.005313 0.005218 0.005633 0.005536 0.005466 0.005601 0.004915 0.005330 0.005824 0.005608 0.004883 0.005710 0.005547 0.005942 0.005654 0.004650 0.005135 0.005427 0.013251
0.189825 0.138991 0.128935 0.121416 0.119849 0.123667 0.115911 0.095592 0.099176 0.099826 0.100063 0.086862 0.059672 0.061505 0.058111 0.049003 0.051056 0.039014 0.028799 0.023979 0.028415 0.023002 0.028023 0.028791 0.043476 0.092261 0.138238 0.047250 0.004536 0.005355 0.005231 0.005589 0.005545 0.005384 0.005896 0.005682 0.005820 0.005835 0.005745 0.005544 0.006203 0.005632 0.005543 0.005474 0.005415 0.005288 0.006129 0.005229 0.005524 0.005188 0.005509 0.005249 0.005562 0.005403 0.005389 0.016087
0.162859 0.127178 0.124732 0.124932 0.106950 0.103628 0.100782 0.071559 0.070068 0.092892 0.087857 0.071477 0.056717 0.056492 0.060487 0.040341 0.032544 0.034520 0.036229 0.026484 0.024578 0.023120 0.015812 0.018134 0.022559 0.035261 0.068174 0.156997 0.004630 0.004270 0.005450 0.005613 0.005436 0.005860 0.005744 0.005357 0.005358 0.006146 0.005346 0.006002 0.005611 0.005688 0.005891 0.005683 0.005804 0.005685 0.005799 0.005675 0.005772 0.005808 0.005279 0.005366 0.005519 0.005409 0.005451 0.015894
0.170768 0.131911 0.128427 0.103555 0.098947 0.092459 0.088102 0.072973 0.076566 0.083963 0.076517 0.069457 0.053535 0.052474 0.053720 0.056787 0.054561 0.040363 0.047241 0.032377 0.024004 0.013082 0.004584 0.006665 0.006994 0.019662 0.039230 0.064546 0.130765 0.003844 0.004455 0.005790 0.005505 0.005698 0.006127 0.005278 0.005312 0.005325 0.005023 0.005559 0.005764 0.006151 0.006101 0.005548 0.005099 0.005713 0.005257 0.005579 0.005029 0.005459 0.005547 0.005858 0.005621 0.005538 0.005428 0.013341
0.171869 0.131394 0.129719 0.118774 0.092373 0.093596 0.084754 0.079000 0.069572 0.073221 0.079686 0.063096 0.068498 0.058115 0.066501 0.067949 0.055145 0.046811 0.058485 0.035076 0.023532 0.019256 0.014467 0.009052 0.007774 0.018727 0.021582 0.035393 0.043654 0.129854 0.004156 0.004647 0.005506 0.006042 0.005988 0.005336 0.005539 0.005196 0.005613 0.005393 0.005760 0.005426 0.005483 0.005810 0.005443 0.005529 0.005567 0.005558 0.005809 0.005468 0.005272 0.005284 0.005754 0.005657 0.005282 0.012870
0.183749 0.133998 0.123104 0.122531 0.096945 0.087704 0.093084 0.090295 0.088527 0.089321 0.086615 0.082400 0.074452 0.075903 0.071934 0.067369 0.052414 0.049539 0.062686 0.033879 0.029327 0.022288 0.021885 0.027398 0.028336 0.021209 0.020315 0.031487 0.036804 0.045295 0.094733 0.004228 0.005053 0.005742 0.005864 0.006227 0.005542 0.005274 0.005825 0.005353 0.005372 0.005748 0.005577 0.005440 0.005486 0.005312 0.005898 0.005652 0.005262 0.006102 0.005461 0.005395 0.005874 0.005429 0.005066 0.012800
0.172638 0.141542 0.132998 0.103484 0.094688 0.096219 0.089882 0.093157 0.100372 0.101326 0.087618 0.080513 0.077411 0.076746 0.077932 0.059644 0.052584 0.057294 0.029658 0.032353 0.040274 0.028940 0.039172 0.044706 0.032332 0.029777 0.029442 0.030004 0.034979 0.032414 0.064739 0.004610 0.004077 0.005065 0.005356 0.005843 0.005535 0.005688 0.005881 0.005626 0.005435 0.005631 0.005448 0.005437 0.005131 0.005349 0.005036 0.005711 0.005599 0.005788 0.005538 0.005845 0.005854 0.005308 0.005290 0.013544
0.159146 0.134043 0.129200 0.115716 0.103418 0.093419 0.094629 0.093359 0.093305 0.096896 0.083614 0.080177 0.072075 0.071001 0.072108 0.048543 0.052705 0.058464 0.039779 0.049133 0.058918 0.050819 0.059943 0.058905 0.043205 0.033144 0.027673 0.028427 0.032153 0.035500 0.038911 0.112328 0.003659 0.004229 0.005264 0.005969 0.005161 0.005032 0.005977 0.005608 0.005523 0.005257 0.006113 0.005810 0.005707 0.005632 0.005658 0.004980 0.006056 0.005715 0.005683 0.005627 0.006065 0.006120 0.005357 0.012945
0.160169 0.124871 0.128366 0.115467 0.101315 0.098111 0.110915 0.107865 0.095043 0.085204 0.081290 0.081257 0.072723 0.064507 0.062808 0.060699 0.064999 0.049498 0.078924 0.077622 0.088215 0.061955 0.064678 0.060879 0.046416 0.039490 0.029313 0.030162 0.036601 0.038775 0.044177 0.042545 0.068096 0.003680 0.004712 0.006219 0.005439 0.005341 0.005424 0.005244 0.005881 0.005213 0.005464 0.005438 0.005631 0.006009 0.005395 0.005132 0.005796 0.005563 0.005286 0.005434 0.005609 0.005725 0.005797 0.011635
0.150381 0.121912 0.102622 0.099398 0.101980 0.088402 0.092590 0.094980 0.093661 0.082072 0.074475 0.065856 0.055801 0.060667 0.053503 0.060667 0.073549 0.084198 0.101386 0.109018 0.099926 0.072724 0.068224 0.062878 0.052946 0.040009 0.036201 0.037382 0.033915 0.030451 0.038447 0.047477 0.057852 0.004771 0.004130 0.005074 0.005686 0.005367 0.005215 0.004556 0.005485 0.005638 0.005536 0.005176 0.005680 0.005920 0.005393 0.005505 0.005558 0.005631 0.005772 0.004879 0.005148 0.005033 0.005306 0.009559
0.136137 0.107537 0.102293 0.101793 0.074893 0.076982 0.083715 0.084367 0.071357 0.068509 0.056305 0.056907 0.056224 0.061108 0.055797 0.056694 0.080416 0.117890 0.108185 0.108120 0.078155 0.063085 0.065790 0.065758 0.053453 0.042333 0.035246 0.035749 0.031980 0.028747 0.031613 0.044728 0.050213 0.090991 0.005192 0.005018 0.005356 0.005198 0.005651 0.005215 0.005525 0.005397 0.005433 0.005648 0.005273 0.005567 0.005029 0.005742 0.005023 0.005274 0.005851 0.005757 0.005746 0.005438 0.005460 0.008165
0.120764 0.087916 0.086014 0.091113 0.066320 0.055603 0.054201 0.049796 0.054842 0.056964 0.049344 0.044370 0.049043 0.073436 0.052523 0.089849 0.119166 0.130299 0.113333 0.100195 0.076538 0.062981 0.064747 0.067221 0.059995 0.052876 0.040882 0.035883 0.032667 0.029641 0.026810 0.032196 0.049070 0.056556 0.004743 0.004758 0.005150 0.005716 0.006028 0.006075 0.005875 0.005518 0.005330 0.006052 0.005933 0.005976 0.005701 0.005339 0.005806 0.005552 0.005388 0.005899 0.005830 0.005706 0.005957 0.010155
0.092589 0.057796 0.061555 0.064621 0.063175 0.065090 0.053186 0.057120 0.070528 0.056202 0.052139 0.044082 0.060690 0.065122 0.085575 0.130674 0.132016 0.120314 0.098832 0.096300 0.075819 0.075494 0.060808 0.060700 0.063400 0.054471 0.051012 0.042244 0.029616 0.030325 0.027411 0.029781 0.033953 0.029396 0.078766 0.004618 0.005274 0.005299 0.004945 0.005720 0.005746 0.005180 0.005619 0.006008 0.005616 0.006139 0.005385 0.005488 0.005667 0.005909 0.004962 0.005569 0.006035 0.005156 0.005484 0.011077
0.084590 0.044885 0.060976 0.049814 0.055167 0.065879 0.065962 0.063733 0.067301 0.064249 0.063790 0.060884 0.062995 0.086571 0.114428 0.123749 0.127555 0.103868 0.091689 0.089506 0.072584 0.076207 0.063030 0.059747 0.068010 0.056342 0.053177 0.052661 0.041056 0.041713 0.038229 0.038116 0.034091 0.028518 0.079390 0.004512 0.004689 0.004914 0.004909 0.005308 0.005284 0.005588 0.005301 0.005620 0.005190 0.006103 0.005330 0.005917 0.005204 0.005079 0.004896 0.005394 0.005519 0.005253 0.005454 0.011946
0.031808 0.034808 0.051322 0.044060 0.057762 0.062216 0.063361 0.065840 0.068803 0.048207 0.055901 0.063781 0.087974 0.102309 0.119945 0.128628 0.128213 0.097912 0.091636 0.078324 0.076245 0.076687 0.065303 0.060708 0.067625 0.054152 0.052971 0.051319 0.048595 0.046087 0.043857 0.038972 0.040028 0.035954 0.043982 0.111741 0.005530 0.004979 0.005755 0.005753 0.005189 0.005309 0.005241 0.005444 0.004705 0.005032 0.005412 0.005702 0.005549 0.005694 0.005755 0.005854 0.005573 0.005924 0.005141 0.012611
0.005020 0.005679 0.005816 0.018319 0.062394 0.061656 0.065906 0.059361 0.067717 0.062173 0.053487 0.076698 0.099594 0.126852 0.128568 0.116490 0.109006 0.106308 0.088958 0.068434 0.067586 0.082038 0.078031 0.072256 0.071215 0.065843 0.055255 0.052750 0.051788 0.047413 0.045906 0.044239 0.043468 0.044246 0.034802 0.063149 0.008837 0.004973 0.005645 0.006114 0.005886 0.005461 0.005190 0.005723 0.005492 0.005650 0.005866 0.005387 0.005887 0.006050 0.006135 0.005328 0.005711 0.005736 0.005086 0.013197
0.005330 0.005576 0.004944 0.004934 0.038784 0.039527 0.045994 0.048990 0.055318 0.066399 0.081263 0.100586 0.107666 0.128736 0.124723 0.103219 0.103368 0.109912 0.095400 0.071886 0.072290 0.082115 0.070972 0.077511 0.074028 0.069698 0.065802 0.061404 0.059492 0.059363 0.051349 0.047022 0.042926 0.041977 0.033781 0.037348 0.151848 0.004849 0.004943 0.005351 0.005756 0.005761 0.005445 0.005721 0.005047 0.005286 0.005892 0.005588 0.005746 0.005764 0.005435 0.005273 0.005433 0.005298 0.005381 0.012464
0.004911 0.004977 0.005176 0.005285 0.027757 0.036474 0.031708 0.039456 0.050228 0.064131 0.078222 0.090703 0.116684 0.108909 0.112711 0.108022 0.104235 0.114829 0.097744 0.088212 0.087150 0.090675 0.082969 0.077684 0.076788 0.070465 0.066838 0.059435 0.060877 0.060726 0.062125 0.054193 0.044581 0.043074 0.033619 0.026845 0.096604 0.131880 0.004581 0.004424 0.004391 0.005215 0.005202 0.005707 0.005653 0.005524 0.005263 0.004842 0.005243 0.005457 0.004754 0.004821 0.005571 0.005050 0.005456 0.010138
0.004666 0.004908 0.004993 0.005223 0.006195 0.014902 0.037607 0.046470 0.058082 0.065075 0.053038 0.060377 0.085546 0.116165 0.108223 0.101181 0.100968 0.108488 0.101052 0.096187 0.092213 0.087893 0.088552 0.079395 0.073629 0.086431 0.074156 0.057025 0.057199 0.055415 0.053110 0.050823 0.046985 0.046752 0.036569 0.033300 0.043572 0.101177 0.125168 0.021329 0.003860 0.008562 0.004625 0.005362 0.005317 0.005575 0.004246 0.004332 0.004550 0.004260 0.004032 0.004180 0.004420 0.004507 0.005161 0.011094
0.005439 0.005773 0.004986 0.004971 0.005273 0.006412 0.058473 0.050004 0.049635 0.034498 0.040072 0.032584 0.048148 0.073791 0.105016 0.102647 0.105530 0.105610 0.105929 0.102095 0.089763 0.083356 0.090873 0.082106 0.084450 0.091197 0.074897 0.059319 0.056623 0.052902 0.050049 0.048075 0.050602 0.048296 0.043849 0.035513 0.032682 0.040947 0.071144 0.094730 0.095575 0.115744 0.045062 0.004960 0.004923 0.004692 0.075680 0.100319 0.125800 0.076390 0.032416 0.019882 0.004244 0.004756 0.003728 0.012079
0.005109 0.005902 0.005076 0.005129 0.005444 0.006745 0.072975 0.038097 0.023610 0.032270 0.020080 0.021591 0.023441 0.048050 0.102728 0.105772 0.109027 0.104496 0.111009 0.108206 0.097261 0.092202 0.089558 0.085195 0.082999 0.082355 0.066783 0.064371 0.058852 0.053129 0.052346 0.057894 0.058225 0.051428 0.048381 0.044002 0.039217 0.042568 0.054694 0.057307 0.100824 0.110610 0.095605 0.004331 0.004943 0.048275 0.088335 0.098575 0.098312 0.105825 0.111479 0.103738 0.118345 0.143198 0.004262 0.011885
0.005536 0.005719 0.005421 0.005298 0.005360 0.006296 0.090488 0.044519 0.019542 0.048916 0.039729 0.038448 0.042612 0.042515 0.077211 0.084012 0.111138 0.121355 0.129314 0.121590 0.112665 0.090810 0.097958 0.092652 0.085689 0.084508 0.063110 0.059924 0.064516 0.059586 0.057076 0.061439 0.063784 0.052361 0.048379 0.047834 0.036555 0.041054 0.061444 0.072477 0.069054 0.108703 0.097770 0.095411 0.128209 0.123892 0.080849 0.078922 0.081268 0.084053 0.106677 0.107024 0.108659 0.127857 0.027347 0.031895
0.005130 0.005031 0.004648 0.005478 0.005042 0.005664 0.082941 0.057460 0.016435 0.028437 0.020217 0.027138 0.061149 0.063266 0.059990 0.065414 0.106439 0.118936 0.130446 0.123006 0.097947 0.099759 0.103011 0.104173 0.100321 0.095428 0.073486 0.066353 0.066722 0.068098 0.062512 0.064633 0.058040 0.049228 0.047558 0.045991 0.038993 0.045191 0.058712 0.068971 0.088471 0.090765 0.095187 0.119302 0.127497 0.076624 0.062806 0.059463 0.065358 0.078005 0.086628 0.092340 0.101700 0.104961 0.123434 0.070250
0.005207 0.005686 0.005256 0.005281 0.005015 0.005931 0.096797 0.066685 0.053544 0.060798 0.037899 0.044195 0.044026 0.057531 0.053135 0.063442 0.110340 0.119149 0.114207 0.114865 0.107111 0.108515 0.114763 0.110107 0.103085 0.100262 0.081042 0.072317 0.074574 0.072578 0.063878 0.064572 0.064402 0.053044 0.047824 0.045930 0.042845 0.053164 0.056611 0.061035 0.089896 0.101889 0.099301 0.104577 0.086590 0.074563 0.064740 0.054844 0.057948 0.072113 0.075238 0.080782 0.088214 0.102170 0.129640 0.101718
0.004826 0.005526 0.006004 0.005737 0.005520 0.006707 0.121031 0.096370 0.077268 0.083471 0.095935 0.082656 0.067208 0.057722 0.050327 0.069302 0.096703 0.106041 0.096142 0.103875 0.113838 0.119182 0.115179 0.128824 0.106241 0.084967 0.070941 0.063962 0.084142 0.081402 0.068270 0.071323 0.069835 0.056911 0.064493 0.057738 0.053863 0.056553 0.058492 0.062481 0.090207 0.115968 0.103757 0.093507 0.077367 0.067501 0.063942 0.054359 0.053087 0.064486 0.065452 0.075794 0.086880 0.100455 0.106749 0.097262
0.005223 0.005102 0.005673 0.005099 0.005226 0.006187 0.148053 0.116437 0.107441 0.097670 0.102396 0.077892 0.081992 0.075943 0.079466 0.085609 0.089190 0.098522 0.096925 0.105288 0.110964 0.126004 0.127867 0.122891 0.113059 0.095472 0.090607 0.100438 0.095905 0.091864 0.086703 0.086471 0.082631 0.075736 0.068884 0.072038 0.081933 0.067323 0.073976 0.079044 0.090944 0.113790 0.102797 0.096751 0.083200 0.069936 0.065262 0.054959 0.058753 0.062830 0.065237 0.078259 0.084324 0.091271 0.098878 0.095264
0.005339 0.005285 0.005974 0.005349 0.004933 0.005757 0.161331 0.127705 0.107518 0.104943 0.092463 0.074155 0.087612 0.093029 0.095038 0.090577 0.095112 0.101788 0.102103 0.100275 0.128442 0.136392 0.143688 0.134066 0.127483 0.120104 0.107796 0.112605 0.111298 0.090673 0.086816 0.084047 0.090223 0.087670 0.093942 0.100474 0.087687 0.085756 0.094875 0.092464 0.094710 0.104264 0.102139 0.105491 0.093661 0.084246 0.066554 0.065369 0.059370 0.056900 0.069789 0.083563 0.087493 0.085724 0.090499 0.088438
0.005211 0.005071 0.005701 0.004974 0.005491 0.005685 0.133712 0.129418 0.122786 0.120492 0.089962 0.044772 0.045272 0.067564 0.046470 0.078967 0.094512 0.099683 0.093517 0.109800 0.134961 0.143425 0.141069 0.130060 0.115219 0.107709 0.092978 0.095619 0.103373 0.091574 0.091136 0.091808 0.096878 0.095393 0.104481 0.102287 0.104980 0.101242 0.104206 0.108389 0.108945 0.102164 0.099873 0.109916 0.103255 0.095570 0.075511 0.072964 0.064469 0.059938 0.070783 0.082955 0.085238 0.082864 0.089784 0.089757
0.004596 0.005489 0.005920 0.005451 0.005334 0.004795 0.126306 0.146950 0.150540 0.114245 0.070147 0.025922 0.005702 0.005112 0.021975 0.041923 0.105214 0.099760 0.099101 0.117935 0.124834 0.116401 0.101695 0.102489 0.096974 0.088873 0.086817 0.082290 0.089668 0.103286 0.099454 0.092338 0.099306 0.097547 0.101335 0.103311 0.102706 0.108183 0.107330 0.113758 0.126703 0.125067 0.113992 0.109437 0.100008 0.101714 0.075553 0.068683 0.062309 0.071123 0.075193 0.082903 0.081948 0.081073 0.089789 0.081122
0.005480 0.005199 0.005374 0.005018 0.005115 0.005862 0.138572 0.143358 0.096990 0.087023 0.005425 0.006082 0.005921 0.005265 0.005808 0.005308 0.056181 0.087423 0.100669 0.114569 0.110828 0.081110 0.062599 0.096412 0.091075 0.057869 0.058962 0.068626 0.079243 0.101609 0.100651 0.094452 0.091900 0.100780 0.106006 0.102855 0.098145 0.110681 0.116677 0.131355 0.136960 0.154844 0.137292 0.141811 0.114823 0.103819 0.076001 0.075590 0.064405 0.068682 0.081673 0.084209 0.082381 0.078683 0.085005 0.073437
0.005758 0.005455 0.005308 0.005292 0.005614 0.005395 0.007698 0.009619 0.005593 0.005288 0.005715 0.005784 0.005895 0.005415 0.004508 0.005009 0.060816 0.056811 0.074262 0.121502 0.118123 0.078791 0.056787 0.049612 0.057804 0.054878 0.041201 0.062112 0.082426 0.111068 0.115380 0.107773 0.112425 0.110600 0.117170 0.104813 0.094330 0.107547 0.128809 0.126120 0.137783 0.137579 0.147828 0.167866 0.133596 0.103925 0.091091 0.056119 0.055335 0.066419 0.072016 0.084824 0.087848 0.097904 0.101020 0.087826
0.005668 0.005822 0.005483 0.006063 0.004711 0.004005 0.004729 0.005631 0.005436 0.004987 0.005674 0.005151 0.005426 0.005581 0.004869 0.004860 0.004782 0.005092 0.009162 0.114203 0.148376 0.124402 0.079166 0.050442 0.051388 0.014000 0.005983 0.037493 0.077247 0.102135 0.110764 0.101729 0.106585 0.126469 0.142634 0.131981 0.122795 0.112739 0.128147 0.125818 0.151271 0.153778 0.165410 0.143578 0.129200 0.136562 0.099630 0.080553 0.084475 0.070770 0.050265 0.096808 0.118456 0.093535 0.093460 0.105218
0.005202 0.005189 0.005882 0.005671 0.005903 0.005086 0.004932 0.004658 0.005414 0.005694 0.005568 0.005352 0.005473 0.005361 0.005657 0.005360 0.004971 0.005353 0.005929 0.005779 0.005385 0.062756 0.165386 0.137257 0.129676 0.023047 0.005287 0.028546 0.113408 0.126375 0.134628 0.125227 0.127915 0.128103 0.130810 0.147509 0.127939 0.122287 0.152078 0.153934 0.095603 0.105205 0.151884 0.106802 0.126744 0.147549 0.091882 0.086179 0.026639 0.005277 0.005301 0.005906 0.061972 0.025417 0.030793 0.063136
0.005876 0.005650 0.005924 0.005084 0.005634 0.005650 0.005252 0.005588 0.004943 0.005084 0.004958 0.005465 0.006166 0.005086 0.005294 0.005529 0.005596 0.005407 0.005231 0.004928 0.004785 0.010134 0.145241 0.150364 0.118525 0.005328 0.005577 0.090850 0.147743 0.169089 0.156868 0.155201 0.149161 0.140393 0.154575 0.159441 0.159938 0.152444 0.091418 0.100847 0.005244 0.005791 0.004838 0.005594 0.005574 0.005831 0.005698 0.005541 0.005669 0.005976 0.005685 0.005932 0.005653 0.005797 0.005477 0.013306
0.005758 0.005693 0.005879 0.005400 0.005754 0.005525 0.005364 0.005556 0.005852 0.005426 0.005333 0.005601 0.005247 0.004923 0.005434 0.005217 0.005000 0.005362 0.004737 0.005152 0.005611 0.005689 0.059118 0.005151 0.005690 0.005608 0.005646 0.085442 0.161129 0.163743 0.162509 0.071037 0.086854 0.189246 0.167579 0.148747 0.156570 0.016820 0.004753 0.004825 0.005230 0.005997 0.004927 0.005460 0.005210 0.005645 0.005365 0.005103 0.004997 0.005481 0.005070 0.005456 0.004993 0.005069 0.005233 0.014630
0.018418 0.017628 0.018298 0.019561 0.018530 0.018779 0.022235 0.020770 0.020337 0.019585 0.017805 0.017395 0.018117 0.018391 0.017655 0.018533 0.020001 0.016796 0.017263 0.018277 0.017062 0.016411 0.016930 0.016450 0.016069 0.016764 0.016349 0.017483 0.080781 0.074967 0.115149 0.016544 0.016616 0.106832 0.017201 0.022306 0.084233 0.021411 0.017636 0.018443 0.020244 0.018656 0.017511 0.016585 0.017507 0.016292 0.016134 0.016381 0.017909 0.018026 0.018481 0.018657 0.017790 0.018116 0.019869 0.022765
