0.000000 0.000000 0.000000 0.000000 0.000000 0.000000 0.000000 0.000000 0.188010 0.162116 0.172459 0.079979 0.002541 0.000000
0.000000 0.000000 0.000000 0.000000 0.000000 0.000000 0.000000 0.000000 0.020650 0.000000 0.036031 0.036621 0.000000 0.055635
0.000000 0.000000 0.000000 0.000000 0.000000 0.000000 0.000000 0.000000 0.000000 0.000000 0.010783 0.000000 0.000000 0.000000
0.000000 0.000000 0.000000 0.000000 0.000000 0.000000 0.000000 0.000000 0.088895 0.110862 0.000000 0.000000 0.000000 0.000000
0.000000 0.000000 0.000000 0.000000 0.000000 0.000000 0.000000 0.000000 0.000000 0.000000 0.000000 0.000000 0.000000 0.000000
0.000000 0.041938 0.000000 0.000000 0.000000 0.000000 0.000000 0.000000 0.000000 0.000000 0.000000 0.000000 0.000000 0.000000
0.000000 0.000000 0.000000 0.000000 0.000000 0.000000 0.000000 0.000000 0.000000 0.000000 0.000000 0.000000 0.016772 0.025777
0.000000 0.000000 0.000000 0.000000 0.000000 0.000000 0.000000 0.000000 0.000000 0.000000 0.000000 0.000000 0.000000 0.000000
0.000000 0.000000 0.000000 0.000000 0.000000 0.000000 0.000000 0.000000 0.000000 0.000000 0.000000 0.000000 0.000000 0.000000
0.000000 0.000000 0.000000 0.000000 0.000000 0.000000 0.000000 0.000000 0.000000 0.000000 0.000000 0.000000 0.000000 0.000000
0.000000 0.000000 0.545689 0.352610 0.040945 0.000000 0.000000 0.000000 0.000000 0.000000 0.000000 0.000000 0.029874 0.000000
0.000000 0.000000 0.288639 0.278237 0.000000 0.022320 0.000000 0.000000 0.000000 0.000000 0.000000 0.000000 0.000000 0.014897
0.000000 0.011240 0.096892 0.000000 0.000000 0.025845 0.000000 0.000000 0.000000 0.000000 0.000000 0.000000 0.042617 0.363872
0.000000 0.000000 0.000000 0.000000 0.000000 0.000000 0.000000 0.000000 0.000000 0.000000 0.000000 0.000000 0.000000 0.000000
