0.042227 0.000000 0.054324 0.000000 0.000000 0.000000 0.000000 0.000000 0.000000 0.000000 0.000000 0.000000 0.000000 0.000000
0.198942 0.088686 0.013095 0.000000 0.053586 0.000000 0.000000 0.019899 0.005743 0.032554 0.041986 0.023114 0.000000 0.100670
0.245171 0.000000 0.000000 0.000000 0.017901 0.091568 0.000000 0.052494 0.038577 0.050954 0.110696 0.132194 0.072138 0.116844
0.064988 0.000000 0.000000 0.000000 0.055367 0.159005 0.103606 0.031786 0.000000 0.048206 0.072491 0.137113 0.051374 0.122709
0.086335 0.000000 0.000000 0.000000 0.024964 0.181006 0.076721 0.034425 0.000000 0.031903 0.154025 0.128528 0.102530 0.209341
0.041051 0.021379 0.000000 0.000000 0.008080 0.159671 0.132320 0.011008 0.000000 0.000000 0.089206 0.159066 0.061934 0.149987
0.159022 0.054925 0.000000 0.004638 0.054309 0.145268 0.275356 0.204028 0.029158 0.000000 0.000000 0.026145 0.000610 0.015175
0.036575 0.006717 0.000000 0.037232 0.104717 0.181858 0.221017 0.177661 0.050510 0.000000 0.000000 0.000000 0.000000 0.000000
0.000000 0.000000 0.027399 0.055942 0.090813 0.170714 0.268745 0.226588 0.175980 0.000000 0.018896 0.000000 0.000000 0.033471
0.032569 0.000000 0.056782 0.049678 0.000000 0.045711 0.114957 0.225680 0.265215 0.098269 0.182663 0.075438 0.000000 0.000000
0.129912 0.125324 0.219737 0.068862 0.000000 0.064304 0.050035 0.009110 0.106920 0.170853 0.266662 0.325971 0.225545 0.239413
0.125169 0.090668 0.162778 0.084780 0.000000 0.079045 0.067716 0.000000 0.000000 0.000000 0.050491 0.255465 0.134751 0.103775
0.061641 0.022409 0.000000 0.000000 0.000000 0.000000 0.000000 0.000000 0.000000 0.000000 0.000000 0.000000 0.000000 0.000000
0.000000 0.080107 0.013578 0.113970 0.084078 0.000000 0.000000 0.000000 0.000000 0.000000 0.000000 0.000000 0.000000 0.000000
