0.000000 0.000000 0.000000 0.320250 0.092307 0.000000 0.150279 0.022003 0.192354 0.036314 0.055964 0.118166 0.097785 0.220982
0.000000 0.000000 0.000000 0.000000 0.000000 0.000000 0.000000 0.000000 0.000000 0.047516 0.049090 0.027909 0.166952 0.111605
0.000000 0.000000 0.000000 0.000000 0.000000 0.000000 0.046951 0.000000 0.000000 0.000000 0.146916 0.071048 0.020052 0.000000
0.000000 0.000000 0.000000 0.000000 0.000000 0.000000 0.000000 0.000000 0.016597 0.125421 0.017296 0.000000 0.000000 0.124545
0.182621 0.000000 0.000000 0.000000 0.000000 0.000000 0.000000 0.006113 0.000000 0.000000 0.037747 0.000000 0.060484 0.000000
0.000000 0.000000 0.000000 0.000000 0.000000 0.000000 0.000000 0.000000 0.065679 0.054589 0.000000 0.025533 0.075531 0.206176
0.000000 0.000000 0.000000 0.000000 0.000000 0.000000 0.000000 0.000000 0.000000 0.176273 0.061747 0.068995 0.149433 0.330108
0.000000 0.000000 0.000000 0.000000 0.000000 0.000000 0.000000 0.000000 0.000000 0.078166 0.102086 0.101018 0.072660 0.282012
0.000000 0.000000 0.000000 0.000000 0.000000 0.000000 0.000000 0.000000 0.000000 0.000000 0.044405 0.169483 0.042698 0.470139
0.048909 0.000000 0.000000 0.000000 0.000000 0.000000 0.000000 0.000000 0.000000 0.000000 0.000000 0.000000 0.000000 0.000000
0.287177 0.000000 0.000000 0.000000 0.000000 0.000000 0.000000 0.000000 0.000000 0.000000 0.000000 0.000000 0.000000 0.000000
0.365368 0.004518 0.028178 0.000000 0.000000 0.000000 0.000000 0.000000 0.000000 0.000000 0.000000 0.000000 0.000000 0.000000
0.515527 0.000000 0.000000 0.000000 0.000000 0.000000 0.000000 0.000000 0.000000 0.000000 0.000000 0.000000 0.000000 0.000000
0.208438 0.000000 0.008003 0.206391 0.000000 0.000000 0.000000 0.000000 0.000000 0.000000 0.000000 0.000000 0.000000 0.000000
