0.222344 0.582352 0.669783 0.074438 0.000000 0.263995 0.524127 0.350045 0.000000 0.000000 0.000000 0.000000 0.000000 0.000000 0.000000 0.253980 0.016849 0.180128 0.118150 0.054116 0.213086 0.457927 0.085314 0.069537 0.187185 0.000000 0.263456 0.467195
0.598393 0.374193 0.274348 0.000000 0.000000 0.000000 0.458591 0.413108 0.159470 0.378327 0.000000 0.137636 0.107540 0.000000 0.000000 0.000000 0.000000 0.000000 0.000000 0.054314 0.129928 0.118679 0.000000 0.117197 0.170680 0.000000 0.052918 0.364873
0.477443 0.000000 0.000000 0.000000 0.000000 0.000000 0.000000 0.190695 0.000000 0.019600 0.178998 0.163475 0.000000 0.000000 0.149233 0.000000 0.000000 0.000000 0.024877 0.000000 0.025107 0.000000 0.000000 0.194635 0.158140 0.049416 0.000000 0.000000
0.356484 0.000000 0.132560 0.000000 0.000000 0.000000 0.000000 0.000000 0.000000 0.000000 0.000000 0.156697 0.008209 0.000000 0.309007 0.114575 0.000000 0.000000 0.000000 0.000000 0.031393 0.000000 0.000000 0.054675 0.284299 0.000000 0.000000 0.000000
0.334731 0.087641 0.000000 0.000000 0.498403 0.038332 0.000000 0.064772 0.268739 0.000000 0.049610 0.333576 0.000000 0.000000 0.073316 0.000000 0.000000 0.000000 0.092533 0.000000 0.000000 0.000000 0.000000 0.000000 0.002671 0.230577 0.366746 0.117939
0.026499 0.375529 0.000000 0.000000 0.262658 0.116878 0.000000 0.000000 0.002713 0.000000 0.079835 0.160181 0.000000 0.000000 0.158677 0.000000 0.132100 0.244455 0.120206 0.038044 0.000000 0.019761 0.000000 0.032709 0.079204 0.162090 0.176120 0.000000
0.071002 0.287069 0.143228 0.000000 0.000000 0.000000 0.000000 0.000000 0.032184 0.000000 0.000000 0.288148 0.181483 0.433825 0.235482 0.037066 0.128129 0.000000 0.000000 0.085780 0.072817 0.097057 0.000000 0.102951 0.072466 0.169159 0.178227 0.330854
0.208949 0.416714 0.573939 0.429508 0.283375 0.000000 0.000000 0.000000 0.044146 0.000000 0.000000 0.099496 0.480490 0.373654 0.000000 0.275593 0.232958 0.000000 0.000000 0.103384 0.259200 0.037808 0.000000 0.000000 0.000000 0.000000 0.000000 0.000000
0.000000 0.102264 0.092986 0.144126 0.097312 0.052761 0.000000 0.018973 0.020556 0.000000 0.000000 0.000000 0.306759 0.136494 0.000000 0.000000 0.260494 0.000000 0.000000 0.000000 0.052410 0.000000 0.000000 0.088155 0.000000 0.000000 0.000000 0.000000
0.000000 0.000000 0.029367 0.020508 0.000000 0.000000 0.000000 0.000000 0.011568 0.041481 0.000000 0.000000 0.237717 0.241761 0.000000 0.000000 0.000000 0.000000 0.000000 0.000000 0.000000 0.000000 0.000000 0.000000 0.000000 0.000000 0.000000 0.000000
0.000000 0.000000 0.000000 0.000000 0.000000 0.000000 0.000000 0.000000 0.038451 0.049110 0.024588 0.000000 0.000000 0.036540 0.000000 0.000000 0.000000 0.000000 0.000000 0.000000 0.000000 0.000000 0.000000 0.000000 0.000000 0.000000 0.000000 0.000000
0.000000 0.000000 0.000000 0.000000 0.000000 0.005951 0.007909 0.056051 0.058288 0.045899 0.004819 0.000000 0.000000 0.000000 0.000000 0.000000 0.000000 0.000000 0.000000 0.000000 0.000000 0.000000 0.000000 0.000000 0.000000 0.000000 0.000000 0.000000
0.034792 0.000000 0.000000 0.000000 0.041092 0.031799 0.024580 0.026836 0.004206 0.026763 0.010235 0.023472 0.000466 0.000000 0.000000 0.000000 0.000000 0.000000 0.000000 0.000000 0.000000 0.000000 0.000000 0.000000 0.000000 0.000000 0.000000 0.000000
0.000000 0.000000 0.000000 0.000001 0.000000 0.000000 0.000000 0.000000 0.011763 0.052442 0.037132 0.050369 0.045855 0.000000 0.000000 0.000000 0.000000 0.000000 0.000000 0.000000 0.000000 0.000000 0.000000 0.000000 0.000000 0.000000 0.000000 0.000000
0.000000 0.000000 0.000000 0.000000 0.000000 0.000000 0.000000 0.006637 0.062677 0.050483 0.048439 0.019127 0.017347 0.002524 0.000000 0.000000 0.000000 0.000000 0.000000 0.000000 0.000000 0.000000 0.000000 0.000000 0.000000 0.000000 0.000000 0.000000
0.000000 0.000000 0.000000 0.000000 0.000000 0.000000 0.000000 0.007640 0.059694 0.022824 0.000000 0.007256 0.008545 0.013658 0.018870 0.000000 0.000000 0.000000 0.000000 0.000000 0.000000 0.000000 0.000000 0.000000 0.000000 0.000000 0.000000 0.000000
0.000000 0.000000 0.000000 0.000000 0.000000 0.000000 0.004663 0.038283 0.057383 0.000000 0.000000 0.000000 0.016582 0.032616 0.024994 0.000000 0.000000 0.000000 0.000000 0.000000 0.000000 0.000000 0.000000 0.000000 0.000000 0.000000 0.000000 0.000000
0.000000 0.000000 0.000000 0.000000 0.000000 0.005153 0.000000 0.015078 0.000000 0.000000 0.000000 0.019049 0.008872 0.027023 0.027497 0.013071 0.000000 0.000000 0.000000 0.000000 0.000000 0.000000 0.000000 0.000000 0.000000 0.000000 0.000000 0.000000
0.000000 0.000000 0.000000 0.000000 0.000000 0.000000 0.000000 0.000000 0.000000 0.000000 0.022918 0.053006 0.000262 0.038056 0.027963 0.021010 0.000000 0.000000 0.000000 0.000000 0.000000 0.000000 0.000000 0.000000 0.000000 0.000000 0.000000 0.000000
0.000000 0.000000 0.000000 0.000000 0.000000 0.000000 0.000000 0.000000 0.000000 0.000000 0.007633 0.000000 0.000000 0.018951 0.010239 0.032202 0.002524 0.000000 0.000000 0.000000 0.000000 0.000000 0.000000 0.000000 0.000000 0.000000 0.000000 0.000000
0.000000 0.000000 0.000000 0.000000 0.000000 0.000000 0.000000 0.000000 0.000000 0.000000 0.000000 0.000000 0.000000 0.000000 0.000000 0.009291 0.012305 0.000000 0.000000 0.000000 0.000000 0.000000 0.000000 0.000000 0.000000 0.000000 0.000000 0.000000
0.000000 0.000000 0.000000 0.000000 0.008611 0.082336 0.138568 0.000000 0.000000 0.000000 0.000000 0.000000 0.000000 0.000000 0.023473 0.003700 0.036572 0.027627 0.000000 0.000000 0.000000 0.000000 0.000000 0.000000 0.000000 0.000000 0.000000 0.000000
0.000000 0.120234 0.070254 0.000000 0.000000 0.000000 0.000000 0.000000 0.000000 0.000000 0.000000 0.000000 0.000000 0.016176 0.085809 0.037854 0.077355 0.070065 0.033435 0.000000 0.000000 0.000000 0.000000 0.000000 0.000000 0.000000 0.000000 0.000000
0.000000 0.000000 0.000000 0.000000 0.000000 0.000000 0.000000 0.000000 0.000000 0.000000 0.000000 0.000000 0.000000 0.000000 0.000000 0.000000 0.005841 0.042586 0.040049 0.000000 0.000000 0.000000 0.000000 0.000000 0.000000 0.000000 0.000000 0.000000
0.000000 0.189208 0.004911 0.000000 0.000000 0.000000 0.000000 0.049031 0.000000 0.000000 0.000000 0.000000 0.000000 0.000000 0.000000 0.000000 0.000000 0.000000 0.000000 0.000000 0.000000 0.000000 0.000000 0.000000 0.000000 0.000000 0.000000 0.022778
0.000000 0.000000 0.000000 0.000000 0.000000 0.007332 0.000000 0.000000 0.000000 0.000000 0.000000 0.000000 0.000000 0.000000 0.016148 0.000000 0.006509 0.000000 0.000000 0.000000 0.000000 0.000000 0.000000 0.000000 0.000000 0.000000 0.000000 0.000000
0.000000 0.000000 0.000000 0.000000 0.011180 0.000000 0.000000 0.000000 0.000000 0.000000 0.000000 0.193629 0.000000 0.000000 0.000000 0.000000 0.000000 0.000000 0.000000 0.000000 0.000000 0.000000 0.000000 0.000000 0.000000 0.000000 0.000000 0.000000
0.000000 0.000000 0.000000 0.000000 0.000000 0.000000 0.000000 0.000000 0.000000 0.000000 0.000000 0.000000 0.000000 0.000000 0.000000 0.000000 0.000000 0.000000 0.000000 0.000000 0.098046 0.000000 0.000000 0.021727 0.000000 0.000000 0.000000 0.000000
