6.939451 6.892938 5.244008 11.044344 3.638798 9.696818 2.125092 0.000000 7.868073 3.493567 0.000000 0.000000 0.000000 4.755473 6.133071 11.925686 1.651980 0.491942 0.000000 0.000000 11.232208 8.956399 0.000000 0.000000 0.000000 0.000000 6.155575 3.582059
8.536318 3.232317 3.216358 9.930162 2.668489 0.000000 5.708885 12.806196 6.306488 0.000000 0.000000 0.000000 0.000000 0.000000 9.004672 7.226052 0.000000 0.000000 0.000000 4.968226 0.000000 0.000000 0.000000 0.000000 0.000000 0.000000 15.092129 6.033067
0.000000 14.384041 0.000000 0.000000 0.000000 0.000000 0.000000 0.000000 0.000000 0.000000 6.407918 0.000000 0.000000 0.000000 0.000000 0.000000 0.000000 5.589139 0.000000 0.000000 0.000000 0.000000 0.000000 0.000000 0.000000 0.000000 0.000000 0.000000
2.193438 0.402820 40.335579 0.000000 0.000000 7.544933 8.608815 2.686055 0.000000 0.000000 2.285032 3.334877 0.000000 3.339142 0.000000 0.000000 0.000000 0.000000 0.000000 0.000000 0.000000 0.000000 0.000000 6.298651 0.000000 0.000000 0.000000 0.000000
0.000000 4.883185 30.633808 1.896493 0.000000 0.000000 0.000000 0.000000 0.000000 0.000000 10.091889 0.000000 0.000000 2.345735 5.131296 0.000000 0.000000 0.000000 0.000000 0.000000 1.016822 9.053800 0.000000 0.000000 0.000000 0.000000 0.000000 0.000000
9.808211 64.998604 4.698747 9.415130 6.450163 0.000000 0.000000 1.911212 15.991282 0.000000 5.079145 0.000000 11.022451 0.000000 0.000000 0.000000 0.000000 0.078727 5.902720 1.321810 0.000000 1.416015 0.000000 0.629293 0.000000 0.000000 4.457737 7.209213
0.000000 0.000000 0.000000 2.049035 3.522084 3.170155 3.592865 0.000000 6.994859 0.000000 7.346967 0.000000 0.000000 0.000000 0.000000 0.000000 3.162138 0.000000 3.119452 0.166901 0.000000 0.000000 0.000000 13.461160 0.000000 0.000000 1.990679 6.121545
0.000000 8.375431 1.093577 11.495596 0.000000 0.000000 0.000000 0.000000 0.000000 0.530752 0.000000 0.000000 10.942949 0.459615 11.482464 0.000000 0.000000 1.183282 9.043448 0.000000 2.215968 1.006722 0.000000 0.000000 4.863113 8.954519 0.000000 0.000000
3.500073 0.000000 0.000000 0.000000 8.784096 11.354181 0.000000 0.000000 0.000000 7.728328 8.579460 0.000000 0.000000 0.000000 0.000000 0.000000 0.000000 0.000000 0.000000 2.816518 5.814285 0.000000 0.000000 0.000000 0.000000 0.000000 0.000000 1.567953
0.000000 0.000000 2.438767 0.000000 3.642762 0.000000 0.000000 0.000000 0.000000 3.559614 13.960341 0.000000 11.008467 8.523082 0.000000 0.000000 0.000000 0.000000 0.752980 0.241531 0.000000 0.240223 0.000000 0.000000 0.000000 1.639408 0.000000 0.153587
3.339590 0.000000 0.000000 0.000000 0.000000 0.000000 0.000000 0.000000 1.710954 0.000000 0.000000 0.000000 0.000000 0.000000 0.000000 8.793011 0.000000 0.000000 0.000000 0.000000 0.000000 0.000000 1.826760 7.137600 0.000000 0.000000 0.000000 3.277128
0.000000 0.000000 0.000000 0.140823 0.000000 2.799051 2.597456 2.023449 4.256294 0.000000 0.000000 0.000000 0.586370 3.505019 0.000000 0.438873 0.000000 0.000000 0.000000 0.000000 0.000000 0.000000 2.091603 11.871351 0.000000 0.000000 0.000000 0.000000
0.000000 0.000000 0.000000 0.000000 0.000000 3.456085 0.000000 0.000000 0.000000 0.000000 0.000000 0.000000 0.000000 1.296365 0.000000 0.000000 0.000000 0.000000 0.000000 2.004932 0.000000 0.000000 0.000000 0.000000 0.000000 0.000000 0.000000 0.000000
3.971877 0.000000 0.000000 0.000000 0.000000 0.000000 0.000000 0.000000 0.000000 0.000000 0.000000 0.000000 0.000000 0.000000 0.000000 0.000000 0.000000 19.202583 0.000000 0.000000 0.000000 0.000000 0.000000 0.000000 0.000000 0.000000 0.000000 0.000000
0.000000 0.000000 0.000000 0.000000 0.000000 0.000000 0.000000 0.000000 0.000000 0.000000 0.000000 0.000000 0.000000 1.903855 0.464753 1.623179 0.000000 30.959251 0.000000 2.289829 0.000000 0.000000 2.374346 0.000000 0.000000 0.000000 0.000000 0.000000
0.000000 0.000000 0.000000 0.000000 0.097062 10.290195 9.902285 0.000000 0.000000 1.092297 0.000000 0.000000 0.000000 0.000000 0.000000 8.839057 12.299141 0.000000 0.000000 0.000000 0.000000 0.000000 0.000000 0.000000 0.000000 0.000000 0.000000 0.000000
2.851480 2.816697 0.000000 0.184914 3.231936 9.646340 2.725812 0.000000 0.161522 0.473558 0.000000 0.000000 0.000000 0.000000 0.000000 0.000000 2.667214 0.000000 0.000000 0.000000 0.000000 0.000000 0.000000 0.000000 0.000000 14.192301 0.000000 0.000000
1.837326 0.000000 8.990905 0.000000 0.000000 0.000000 0.000000 4.729619 2.554891 2.904869 0.000000 0.000000 0.000000 0.000000 0.000000 0.000000 0.000000 0.000000 0.000000 3.894018 0.000000 0.000000 0.000000 0.000000 0.000000 0.000000 0.318299 3.461144
0.000000 0.000000 2.177557 0.000000 0.270000 2.749455 7.699488 4.620926 3.740428 0.548742 3.127351 0.000000 0.738048 0.000000 0.000000 0.000000 0.000000 0.000000 0.000000 1.062298 0.188025 0.000000 1.830510 0.000000 0.000000 0.000000 0.000000 0.858535
0.000000 0.000000 0.000000 2.115633 0.000000 0.000000 6.674301 7.786698 2.697281 0.000000 0.562059 0.000000 3.163282 0.000000 0.000000 0.000000 0.000000 0.000000 0.198256 0.000000 0.000000 1.275574 1.417333 0.000000 0.000000 0.000000 0.066106 1.915809
0.000000 0.000000 0.000000 0.893934 0.000000 0.000000 0.000000 0.000000 0.000000 0.000000 0.000000 0.000000 1.519363 0.000000 0.000000 0.000000 0.000000 0.000000 0.000000 0.000000 0.000000 0.000000 0.000000 0.000000 0.000000 1.624581 3.010112 13.566339
0.000000 4.710752 0.000000 0.000000 2.328487 0.000000 1.906543 0.000000 0.000000 0.000000 0.000000 0.000000 0.000000 0.000000 0.000000 0.000000 0.000000 0.000000 1.981109 2.130403 0.000000 0.000000 0.000000 0.000000 0.000000 0.458668 0.000000 0.000000
0.000000 9.537640 0.000000 0.701146 2.125561 0.000000 1.094186 0.000000 0.000000 0.000000 0.000000 0.000000 0.000000 1.655227 3.251799 6.362216 3.136076 0.000000 1.288158 0.238910 6.250214 0.000000 0.000000 0.000000 0.000000 0.000000 5.238088 0.000000
9.515999 3.150077 0.000000 2.832699 1.619038 0.000000 0.000000 0.000000 0.000000 0.000000 0.000000 0.000000 0.000000 0.000000 0.000000 0.000000 2.270900 0.000000 0.200422 0.000000 2.591694 0.000000 0.000000 0.000000 0.000000 0.000000 0.000000 0.000000
0.000000 0.000000 0.000000 1.611042 0.000000 0.000000 5.658214 0.000000 0.000000 0.000000 1.084115 12.663961 0.000000 0.000000 0.000000 0.000000 0.000000 0.000000 0.000000 0.000000 7.516241 0.000000 0.000000 6.580450 0.000000 0.000000 0.000000 0.545439
0.000000 0.000000 0.000000 0.000000 0.000000 0.000000 0.000000 0.000000 0.000000 0.000000 3.395019 16.902174 0.335120 3.126509 14.547956 0.000000 0.000000 0.000000 2.254600 5.127082 6.676161 4.362541 0.000000 7.805226 12.085438 0.000000 22.842941 2.781767
5.542021 1.506721 0.000000 0.000000 0.029532 0.000000 0.000000 0.000000 0.000000 0.000000 0.000000 0.000000 0.000000 0.000000 0.000000 2.350419 0.000000 13.526978 0.000000 0.000000 0.000000 0.000000 0.000000 0.000000 3.603557 0.000000 5.036456 0.000000
3.856909 0.000000 0.000000 0.000000 0.000000 0.000000 6.311478 5.783785 18.883234 4.304502 0.000000 13.262199 0.000000 0.000000 0.000000 0.000000 0.000000 0.000000 0.000000 0.000000 0.000000 4.845044 6.894585 0.000000 0.000000 0.000000 5.537292 15.924212
