0.000000 0.000000 0.000000 0.000000 0.000000 0.000000 0.000000 0.000000 0.000000 0.000000 0.000000 0.000000 0.000000 0.000000
0.000000 5.355246 6.752456 0.000000 0.000000 0.000000 0.000000 0.000000 0.000000 0.000000 0.000000 0.000000 0.000000 0.000000
8.668768 34.973900 26.336884 3.248655 0.000000 0.000000 0.000000 0.000000 0.000000 0.000000 0.000000 0.000000 0.000000 0.000000
0.000000 1.365589 0.000000 0.000000 0.000000 0.000000 0.000000 0.000000 0.000000 0.000000 0.000000 0.000000 0.000000 0.000000
0.000000 0.000000 0.000000 0.000000 0.000000 0.000000 0.000000 0.000000 0.000000 0.000000 0.000000 0.000000 0.000000 0.000000
0.000000 0.000000 0.000000 0.000000 0.000000 0.000000 0.000000 0.000000 0.000000 0.000000 0.000000 0.000000 0.000000 0.000000
0.000000 0.000000 0.000000 0.000000 0.000000 0.000000 0.000000 0.000000 0.000000 0.000000 0.000000 0.000000 0.000000 0.000000
0.000000 0.000000 0.000000 0.000000 0.000000 0.000000 0.000000 0.000000 0.000000 0.000000 0.000000 0.000000 0.000000 0.000000
0.000000 0.000000 0.000000 0.000000 0.000000 0.000000 0.000000 0.826624 0.000000 0.000000 0.000000 0.000000 0.000000 0.000000
0.000000 3.187160 6.844009 0.849113 0.000000 0.000000 0.193853 1.313672 0.131059 0.000000 0.000000 0.000000 0.000000 0.000000
1.522647 9.201193 15.193815 5.762508 0.000000 0.368879 1.678440 1.361192 1.047513 0.000000 0.000000 2.968306 1.745928 0.000000
1.623200 9.924350 15.686503 6.569694 0.358053 2.618416 3.204234 0.868835 0.000000 0.000000 0.000000 3.879722 4.609350 0.000000
0.000000 0.000000 0.484786 0.000000 0.000000 0.832713 0.041073 0.000000 0.000000 0.000000 0.000000 0.000000 0.000000 0.000000
0.000000 0.000000 0.000000 0.000000 0.000000 0.000000 0.000000 0.000000 0.293422 0.000000 0.000000 0.000000 0.000000 0.000000
