7.963944 12.355592 0.000000 0.000000 0.000000 13.045203 27.862951 19.346266 19.603107 11.423793 1.823465 0.501623 5.519608 3.427292 5.834384 16.953159 13.711861 6.001199 5.917004 10.976068 5.673060 0.000000 8.876698 11.480813 7.141340 7.698625 16.142807 17.809950 12.261621 7.967570 7.440946 16.461809 13.771504 1.995855 0.000000 7.191634 1.297076 4.470581 8.988372 4.440096 4.420517 5.114263 7.906577 10.451059 14.192423 5.986505 2.075852 2.955154 9.574760 10.389380 3.732326 4.186006 7.371389 3.208187 0.000000 22.191612
0.000000 0.000000 0.000000 0.000000 0.000000 0.000000 2.478062 5.799538 11.854720 4.419236 0.000000 0.000000 0.000000 0.000000 0.000000 0.000000 0.000000 0.000000 0.000000 0.000000 0.000000 0.000000 0.000000 0.000000 0.000000 0.000000 0.000000 2.580553 0.000000 0.000000 0.000000 0.000000 1.890640 0.000000 0.000000 0.000000 0.000000 0.000000 0.000000 0.000000 0.000000 0.000000 0.000000 0.000000 0.000000 0.000000 0.000000 0.000000 0.000000 0.000000 0.000000 0.000000 0.000000 0.000000 0.000000 8.877810
0.000000 0.000000 0.000000 0.000000 0.000000 0.000000 0.000000 0.000000 1.697910 9.450583 6.117885 9.950839 0.000000 0.000000 0.000000 0.000000 0.000000 0.000000 0.000000 3.535208 1.271383 0.000000 0.000000 0.000000 1.634361 0.000000 0.000000 0.000000 1.254681 0.000000 0.000000 0.000000 0.000000 0.000000 0.000000 0.000000 2.861952 0.000000 0.000000 0.373470 2.153469 0.000000 0.000000 0.000000 0.000000 1.081038 2.085505 0.000000 0.000000 0.000000 0.000000 1.763549 0.253777 0.000000 0.000000 0.996491
0.000000 0.000000 0.000000 0.000000 0.000000 0.000000 0.000000 0.000000 0.000000 1.330557 0.000000 0.000000 0.000000 0.000000 0.000000 0.000000 0.000000 0.000000 0.000000 0.414190 7.380808 0.000000 0.000000 2.132728 2.870252 0.000000 0.000000 0.000000 2.423808 0.762356 0.000000 0.000000 0.000000 0.424618 0.000000 0.000000 9.651923 6.668734 0.000000 0.000000 0.000000 0.000000 0.000000 0.000000 0.000000 0.000000 3.236517 2.660841 0.000000 0.000000 0.000000 0.000000 0.582404 2.375045 0.000000 1.961188
0.000000 0.000000 0.000000 1.271762 0.058768 3.634192 0.000000 0.000000 5.399198 3.019033 0.000000 0.000000 0.000000 0.000000 0.000000 0.000000 1.835130 19.000626 10.656785 0.000000 0.000000 0.000000 0.000000 0.000000 0.662997 4.555044 1.746419 0.000000 6.781551 0.000000 2.275274 7.131268 0.000000 0.000000 0.000000 0.000000 4.688700 8.910631 3.192748 0.000000 0.000000 0.000000 0.000000 0.000000 0.000000 0.000000 0.000000 0.000000 3.170255 2.588209 0.000000 0.000000 0.000000 0.000000 0.000000 5.945638
0.000000 0.076223 10.789630 9.713624 7.324409 8.984874 8.840154 11.727585 15.231842 9.531433 2.644131 0.000000 0.000000 0.000000 0.000000 6.950629 28.486256 48.414131 23.892975 0.000000 0.000000 0.000000 0.000000 0.000000 0.854348 6.738495 7.290669 0.000000 0.000000 0.000000 0.000000 8.850057 0.000000 0.000000 0.000000 0.000000 0.000000 0.000000 0.000000 0.000000 0.000000 0.000000 0.000000 0.000000 1.123634 0.000000 0.000000 0.000000 0.000000 2.207219 0.000000 0.000000 1.823020 0.000000 0.000000 2.369238
0.000000 11.580636 19.969164 0.000000 0.000000 30.745251 12.818689 10.664196 18.633471 15.912889 11.871053 8.195194 6.997250 11.257671 13.498729 12.992434 25.210386 28.434851 8.165524 0.000000 0.000000 0.000000 4.345941 5.198312 0.184813 3.153512 0.000000 0.000000 0.000000 0.000000 0.000000 2.685990 0.000000 0.000000 0.000000 0.000000 0.000000 0.000000 0.000000 0.000000 0.000000 0.000000 0.000000 1.307724 2.653802 0.000000 0.000000 0.000000 0.000000 0.000000 0.000000 0.000000 0.000000 0.000000 0.000000 1.497962
0.000000 1.306404 6.472024 0.000000 0.000000 1.232900 9.513554 7.137801 15.751229 19.697836 15.498540 7.762378 2.199709 5.848987 12.185119 3.276293 6.958305 14.611052 7.915587 2.439446 0.000000 0.000000 1.694237 3.263649 0.000000 0.000000 0.000000 0.000000 0.000000 0.000000 0.000000 0.000000 0.000000 0.000000 8.466156 3.452420 0.000000 0.000000 0.000000 0.000000 0.000000 0.000000 0.000000 0.000000 11.782714 4.828597 0.164304 0.000000 0.000000 0.000000 0.000000 0.000000 0.000000 0.596093 0.000000 0.000000
0.000000 0.000000 1.293298 8.426571 0.000000 0.000000 3.344934 0.000000 1.588141 7.577587 11.773009 11.588321 4.384664 0.000000 0.000000 0.000000 0.000000 10.852338 19.580471 15.936286 0.000000 0.000000 0.000000 0.000000 0.000000 0.000000 0.000000 1.572834 3.105367 0.000000 0.000000 0.000000 0.000000 0.000000 1.185928 0.000000 3.013093 1.878041 0.673350 0.000000 1.201008 0.000000 0.000000 0.000000 3.550504 11.175708 6.114543 0.000000 0.000000 0.000000 0.000000 0.000000 0.000000 0.000000 0.000000 0.000000
0.000000 0.000000 0.000000 24.195314 27.423086 13.137557 0.000000 0.000000 0.000000 0.000000 18.715807 12.785226 4.258508 0.000000 0.000000 0.000000 0.000000 6.387973 15.264541 15.708504 1.562807 0.000000 0.000000 0.000000 0.000000 0.000000 0.000000 4.813397 7.407005 0.000000 0.000000 0.000000 0.000000 7.428222 0.000000 0.000000 0.000000 0.000000 0.000000 0.000000 0.000000 0.000000 1.917781 0.000000 0.000000 1.383401 1.679038 0.000000 0.000000 0.000000 0.000000 0.000000 0.000000 0.000000 0.000000 0.000000
0.173819 0.000000 0.000000 0.000000 14.443119 18.112654 5.075552 0.000000 0.000000 0.000000 0.436686 5.989987 6.412973 0.000000 0.000000 0.000000 0.000000 3.604350 6.197901 9.021080 5.319536 0.000000 0.000000 0.000000 0.000000 0.000000 0.000000 0.000000 4.273863 2.775451 0.000000 5.281837 0.000000 1.636246 3.130886 0.000000 0.000000 0.000000 0.000000 0.894552 0.000000 0.000000 0.000000 0.000000 0.000000 0.000000 0.000000 0.000000 0.000000 0.000000 0.000000 0.000000 0.000000 0.000000 0.000000 0.910258
9.653883 7.999013 0.000000 0.000000 4.505401 16.911163 11.429681 8.243688 7.682774 0.000000 0.000000 1.194203 7.579171 6.869504 0.000000 0.000000 0.000000 2.301603 2.354496 0.000000 0.000000 1.043203 0.000000 0.000000 0.501518 0.000000 0.000000 0.000000 0.000000 3.745660 0.000000 4.596112 0.000000 0.000000 0.000000 0.000000 0.000000 2.235723 0.000000 0.000000 0.000000 0.000000 2.676425 0.000000 0.000000 0.000000 0.000000 0.591011 4.551038 0.000000 0.000000 0.000000 0.000000 0.000000 0.000000 2.827201
0.000000 0.000000 0.000000 0.000000 0.000000 5.081526 7.003178 6.180986 15.381210 12.681960 2.760125 5.781924 6.856939 12.163611 8.810883 0.000000 0.000000 2.025299 4.597320 0.289579 1.781894 4.096106 0.541649 0.000000 2.026714 0.000000 0.870116 1.217473 0.000000 0.000000 0.000000 1.019795 0.000000 0.000000 0.000000 0.000000 0.000000 4.964867 2.731977 0.000000 0.000000 0.000000 0.000000 0.000000 0.000000 0.000000 0.000000 0.000000 0.000000 0.000000 0.000000 0.000000 0.000000 0.000000 0.000000 4.068822
0.000000 0.000000 0.000000 0.000000 0.000000 0.000000 0.000000 2.184899 19.477846 17.625063 7.421670 9.957963 7.264823 5.282578 7.818520 0.052565 0.000000 0.000000 5.474162 1.825395 5.170862 10.365019 3.065488 0.000000 0.000000 1.551009 2.932274 0.000000 0.000000 0.000000 0.000000 0.000000 7.036470 0.000000 3.522171 0.000000 0.000000 3.325296 2.775807 0.000000 0.000000 0.000000 3.787005 1.633303 0.000000 1.684943 6.399561 0.000000 1.266775 0.000000 0.000000 0.000000 0.000000 0.000000 0.000000 6.048429
0.000000 0.000000 0.000000 0.000000 0.000000 0.000000 0.000000 0.000000 22.283167 9.139915 7.485152 13.261618 10.589509 4.605497 6.201012 1.996603 0.000000 0.000000 4.422157 3.670486 2.503252 6.364055 0.000000 0.000000 0.000000 0.000000 0.000000 0.000000 0.000000 0.000000 0.000000 0.000000 17.345724 0.077153 2.295233 5.995518 0.000000 0.000000 0.000000 0.711525 0.000000 0.000000 0.133993 0.077680 0.000000 0.000000 4.161613 0.817809 0.000000 0.000000 0.000000 0.000000 0.000000 0.000000 1.644875 11.204783
0.000000 0.000000 0.000000 0.000000 0.000000 0.000000 0.000000 0.000000 0.000000 0.000000 5.389167 6.303723 5.126136 5.777756 6.400572 1.616171 1.330077 1.209067 3.259214 4.286802 0.645942 8.609000 8.068196 0.000000 0.000000 0.000000 2.284830 0.148479 0.097257 0.000000 0.000000 0.000000 0.201060 0.000000 0.000000 7.228949 6.612054 0.000000 0.000000 0.000000 0.000000 0.000000 0.000000 0.000000 0.000000 0.000000 0.000000 3.701811 0.000000 0.000000 0.000000 0.000000 0.000000 0.000000 0.000000 10.773873
0.288200 0.000000 0.000000 0.000000 0.000000 0.000000 0.000000 0.000000 0.000000 0.000000 0.000000 2.452060 2.518807 4.445296 10.340135 1.792182 0.000000 2.371788 0.922115 4.192169 0.798491 0.000000 8.562825 8.190242 0.000000 0.000000 2.904469 4.482765 11.744989 7.007736 0.000000 0.000000 0.000000 0.000000 0.000000 2.922163 6.437417 0.000000 0.000000 0.000000 0.000000 0.000000 0.000000 0.000000 0.000000 0.000000 0.000000 0.000000 2.462961 0.000000 0.000000 0.000000 2.465388 1.888446 0.000000 4.359305
2.577660 2.934268 0.000000 0.000000 0.000000 0.000000 0.000000 0.000000 0.000000 0.000000 1.862875 3.324250 4.069681 0.000000 4.898390 4.890509 1.922122 3.167053 0.000000 1.762176 7.805313 3.814180 1.561308 0.000000 0.000000 0.000000 0.000000 0.000000 0.000000 0.000000 0.000000 0.000000 0.000000 0.000000 0.000000 0.000000 0.000000 0.000000 0.000000 0.000000 0.000000 0.000000 0.000000 0.000000 0.000000 0.000000 0.000000 0.000000 0.000000 0.000000 0.000000 0.000000 1.158842 0.000000 0.000000 2.753534
5.215103 4.645728 0.381583 0.000000 0.000000 0.000000 0.000000 0.000000 0.000000 0.000000 8.502042 3.382211 3.040579 0.000000 2.738058 5.411037 6.892901 6.088747 1.962503 2.375778 8.700229 6.438620 2.386382 0.000000 0.000000 0.000000 0.000000 0.000000 0.000000 0.000000 0.000000 0.000000 0.000000 0.000000 0.000000 0.000000 0.000000 0.000000 0.000000 0.000000 0.000000 0.000000 0.000000 0.000000 0.000000 0.000000 0.000000 2.181740 0.000000 0.000000 0.000000 1.851476 2.727714 0.000000 0.000000 5.571738
9.325706 9.316316 2.481017 1.583136 0.000000 0.000000 0.000000 0.000000 0.000000 2.512465 9.977262 10.342640 7.970825 2.589416 4.845055 5.841218 4.248374 5.621996 3.117640 3.883962 7.495312 3.323046 0.206876 0.000000 0.000000 0.000000 0.000000 0.000000 0.000000 0.000000 0.000000 0.000000 0.737364 0.000000 0.000000 0.000000 0.000000 0.000000 0.000000 0.000000 0.000000 0.000000 0.000000 0.000000 0.000000 0.000000 0.000000 1.045227 3.094203 2.170401 1.111108 0.000000 0.000000 0.000000 0.000000 5.517344
4.454692 5.631313 3.798209 1.846544 0.844893 0.000000 0.000000 0.000000 0.000000 0.000000 4.071917 11.012166 10.858767 4.747700 1.622336 3.915371 2.648947 2.944871 0.188125 0.000000 4.670733 3.253778 0.000000 0.000000 0.000000 0.000000 2.528244 8.480641 0.000000 0.000000 0.000000 0.000000 0.000000 0.000000 1.930313 0.000000 0.108831 0.000000 0.000000 0.000000 0.000000 0.000000 0.000000 0.000000 0.000000 0.000000 0.000000 0.000000 0.000000 1.435557 0.000000 0.000000 0.000000 0.000000 0.000000 1.842912
5.620829 5.436332 2.742778 0.000000 0.329671 1.859684 0.000000 0.000000 0.000000 3.205484 4.912765 0.450877 3.969738 9.364422 0.933678 0.000000 1.992936 3.655978 4.777638 1.886657 2.115861 4.195567 0.000000 0.000000 0.000000 0.000000 0.505674 9.981496 10.918257 0.035135 0.000000 0.000000 0.000000 0.000000 1.657521 2.082056 0.000000 0.000000 0.000000 0.000000 0.000000 0.000000 0.000000 0.000000 1.712315 0.000000 0.000000 0.000000 0.000000 0.000000 0.000000 0.000000 0.000000 0.000000 0.000000 2.834983
5.571476 5.451435 3.270270 0.000000 0.000000 2.401571 0.000000 0.000000 0.000000 0.646377 4.233978 0.000000 0.000000 4.719176 3.107364 0.500514 0.000000 1.737043 8.907125 7.589668 1.268116 4.889810 1.313481 3.665791 4.599205 1.674670 0.000000 0.000000 7.154512 8.618337 0.000000 0.000000 0.000000 0.000000 0.418265 0.207955 0.000000 0.000000 4.101345 1.168589 0.000000 0.000000 0.000000 0.000000 0.224493 0.000000 0.000000 0.000000 0.000000 0.000000 0.000000 0.000000 0.000000 1.838662 0.000000 5.454772
5.426152 6.693737 2.247837 1.545699 0.705622 0.000000 0.000000 0.000000 0.000000 0.000000 0.000000 0.000000 0.582601 0.454158 0.000000 3.109784 0.000000 0.682945 7.163098 7.717346 1.070818 2.867089 4.010604 6.651469 5.453524 1.139750 0.000000 0.000000 2.012182 4.305871 0.000000 0.000000 0.000000 1.307991 6.248426 5.749720 1.053088 0.000000 0.000000 0.515036 0.000000 3.139766 0.000000 0.000000 0.000000 1.473868 0.000000 0.000000 0.000000 0.000000 0.000000 0.000000 0.000000 1.051396 0.000000 4.541385
3.035132 3.072037 0.000000 3.016808 2.160587 0.407058 0.414279 0.000000 0.000000 0.000000 0.000000 0.503027 2.126847 5.178026 2.997945 2.802596 1.854536 0.942924 3.834560 8.073468 6.379731 5.987713 6.443252 4.966966 3.830074 0.000000 0.024199 0.095601 0.000000 0.000000 0.000000 0.000000 0.000000 0.000000 1.409989 5.523249 4.284453 2.362156 0.000000 0.000000 0.000000 0.000000 2.773074 0.000000 0.000000 1.251678 1.499202 0.174132 0.000000 0.000000 0.000000 0.000000 0.000000 0.772981 0.000000 4.517604
5.477302 4.552325 0.000000 0.761283 0.441261 0.000000 0.776877 0.000000 2.260206 2.798572 0.000000 0.000000 0.000000 6.623960 11.124245 3.550673 1.752004 8.541838 6.116741 5.270782 6.770890 7.580354 7.155376 8.220179 8.262870 1.716601 1.683080 3.373208 0.000000 0.000000 4.127076 6.996311 0.000000 0.000000 0.000000 5.668881 7.529941 4.860042 3.306438 0.057058 0.000000 0.000000 0.000000 0.000000 0.000000 0.000000 0.000000 0.000000 0.771807 0.033940 0.000000 0.000000 0.000000 0.001779 0.000000 6.513886
4.529980 7.072641 5.790707 4.508233 0.099267 0.000000 0.000000 0.000000 0.000000 7.462216 4.219186 0.000000 0.000000 5.025918 11.757162 3.224527 1.117353 12.969001 4.907598 0.178034 4.538940 4.214950 4.880381 8.549474 7.926042 2.007266 3.767336 8.274614 3.905139 0.000000 4.637407 4.118098 1.744448 0.000000 0.000000 2.070529 4.566751 0.088297 2.579887 0.574192 0.000000 0.000000 0.000000 0.000000 0.000000 0.000000 0.000000 0.000000 1.340755 0.000000 0.000000 0.000000 0.000000 0.000000 0.000000 5.466622
1.710269 5.951131 8.439897 8.912194 0.751411 0.000000 2.985945 1.752601 0.889279 6.735466 3.714887 2.776181 1.549006 5.192717 7.471505 3.524036 5.863399 5.051118 0.000000 1.081745 6.756989 3.406621 3.714903 8.234987 7.271943 1.403165 3.489349 8.393292 3.875717 0.000000 0.854279 0.000000 0.000000 0.000000 0.000000 0.000000 0.000000 0.000000 1.137770 2.196953 0.000000 0.000000 0.341563 0.000000 4.466626 0.000000 0.000000 0.000000 1.224415 0.000000 0.000000 0.000000 0.000000 0.000000 0.000000 2.863823
4.142175 7.434610 5.668007 7.909501 5.366163 6.176057 10.223641 6.508944 3.222480 4.703891 0.000000 2.737833 4.845500 5.978570 6.690854 3.049576 3.217408 0.000000 0.000000 7.208028 5.620792 1.718086 1.493411 6.854538 6.799899 1.941373 3.432347 6.430701 4.407675 1.933743 3.605966 0.000000 0.000000 0.000000 0.000000 0.000000 0.000000 0.000000 0.000000 1.602291 0.000000 0.000000 0.000000 0.000000 0.230715 4.438986 0.000000 0.000000 0.295972 2.254393 0.000000 0.000000 0.000000 1.524061 0.000000 5.195476
7.295666 11.605645 6.731107 9.148172 9.009183 13.321288 16.514126 6.661484 0.740635 1.505195 0.000000 4.650049 11.181149 4.467743 2.686950 0.494797 0.000000 0.000000 3.112294 12.729998 5.076742 0.000000 0.528117 4.948560 3.881739 1.848384 2.851642 5.739981 3.765290 3.117001 2.121540 0.700626 7.877649 7.691862 0.000000 0.000000 0.000000 2.749570 0.974453 0.000000 0.000000 0.000000 0.000000 0.000000 0.000000 0.470752 0.000000 0.000000 0.000000 7.683222 2.547502 0.000000 0.000000 0.000000 0.000000 7.520858
6.395501 11.051203 8.140012 10.270408 6.524216 13.258988 13.257079 2.471469 0.000000 0.000000 0.000000 4.984282 13.738428 0.821664 0.962108 1.011548 0.424311 1.771228 0.000000 5.511989 5.911033 0.000000 0.000000 1.900948 0.839213 2.213566 2.346399 3.786045 1.792887 1.467844 0.000000 0.000000 2.290409 14.162473 12.433669 0.000000 0.000000 0.000000 3.591981 0.000000 0.000000 0.000000 0.000000 0.000000 0.000000 0.000000 0.000000 0.000000 0.000000 4.730649 6.241170 2.751934 1.713990 0.000000 0.000000 9.942865
5.356352 10.211733 4.858665 7.356446 1.505988 3.583466 3.259343 0.000000 0.948960 2.199749 1.707791 0.677705 0.563388 0.000000 2.089867 4.096097 5.877313 6.198169 0.816099 1.562398 6.094635 5.274693 0.000000 0.000000 0.967200 3.737255 6.859077 5.329434 1.384385 0.383613 0.000000 0.000000 0.000000 0.658305 7.707048 0.326314 0.000000 0.000000 5.454495 6.671381 3.446241 0.000000 0.000000 0.000000 0.000000 0.000000 0.000000 0.000000 0.000000 0.324176 0.000000 0.000000 4.070302 0.000000 0.000000 11.295534
6.073997 9.683153 0.687022 3.769192 0.000000 0.000000 0.000000 0.000000 4.307385 5.422832 2.443877 0.000000 0.000000 0.000000 0.884675 3.353730 5.655079 7.281030 4.337672 0.000000 1.816057 7.057952 3.867795 0.000000 3.822521 6.248695 9.770737 7.744629 1.730147 0.000000 0.767940 2.882941 2.475163 0.000000 4.907929 11.463796 0.000000 0.000000 0.000000 1.487604 0.000000 0.000000 0.000000 0.000000 0.000000 0.000000 0.408443 0.600078 2.112568 0.000000 0.000000 0.000000 0.000000 0.000000 0.000000 7.285645
10.387960 11.003874 0.000000 0.000000 0.000000 4.974708 4.014517 0.824456 2.535650 4.011738 4.587790 2.745975 0.000000 0.000000 0.748017 3.536298 3.647132 1.047449 0.000000 0.000000 0.000000 6.486840 6.827704 1.028461 5.314610 3.596231 3.878121 6.146937 6.107969 2.934570 1.614251 3.813686 2.103823 0.000000 0.000000 13.047289 14.483842 0.000000 0.000000 0.000000 0.000000 0.000000 0.000000 0.000000 0.000000 0.000000 0.000000 1.577390 0.000000 0.000000 0.000000 0.000000 0.000000 0.000000 0.000000 4.665038
14.959104 16.258551 1.550487 0.000000 0.000000 3.618315 6.825139 0.889560 0.000000 0.000000 5.645160 5.721704 0.000000 0.000000 0.000000 2.595693 0.000000 0.000000 0.000000 0.000000 0.000000 3.985559 7.321025 2.362276 3.570421 1.909086 1.517087 4.404223 6.863766 6.690115 1.829674 3.197819 2.566195 1.606638 0.000000 6.624495 16.862064 1.309360 0.000000 0.000000 0.000000 2.756550 0.000000 0.000000 0.000000 0.000000 0.000000 0.000000 0.000000 0.000000 0.000000 0.000000 0.000000 0.000000 0.000000 9.337510
8.274010 11.814763 8.767603 9.206126 3.516830 0.000000 5.190835 1.817397 0.000000 0.000000 2.802035 4.374254 0.000000 0.000000 0.000000 0.000000 0.000000 0.000000 2.536984 1.280688 0.000000 2.318178 8.811222 0.992969 0.000000 1.255721 3.517777 5.916967 4.573715 4.908654 3.767481 4.357538 3.773018 2.053575 0.000000 0.506136 10.524243 0.875032 0.000000 0.009990 0.000000 0.826044 1.008524 0.000000 0.000000 0.000000 0.000000 0.000000 0.000000 1.872771 0.000000 0.000000 0.000000 0.000000 0.000000 6.410911
2.797768 8.545005 9.444849 10.771672 7.448925 2.981041 4.023252 3.319310 0.008865 3.392315 2.491582 3.916582 0.117635 0.000000 0.000000 0.000000 0.000000 0.000000 0.000000 0.000000 0.000000 0.724038 2.581131 0.000000 0.000000 0.000000 3.094022 3.887091 3.232927 3.181534 6.911452 7.822818 6.010179 0.679563 0.000000 0.000000 2.826799 10.321213 0.000000 0.000000 0.000000 6.579009 4.989556 0.000000 0.000000 0.000000 0.000000 0.000000 0.000000 0.000000 0.000000 0.000000 0.000000 0.000000 0.000000 2.079467
0.000000 5.153745 3.774432 7.240319 9.867808 3.816433 3.741424 5.060833 1.537011 3.827921 4.614317 7.765265 4.365520 0.000000 1.285309 1.159981 0.000000 1.542190 0.172550 0.513526 0.559620 0.000000 0.000000 0.000000 0.000000 0.000000 1.964780 1.663893 2.585359 3.915397 7.000096 7.195117 5.252075 1.347230 0.000000 0.000000 0.000000 0.314705 5.697545 0.000000 0.000000 7.037122 8.288651 1.313180 0.000000 0.000000 0.000000 0.000000 0.000000 0.000000 0.000000 0.000000 0.000000 0.000000 0.000000 0.000000
0.000000 0.000000 0.000000 2.740252 14.319862 11.668214 3.284246 6.438674 2.068903 1.755936 5.068116 7.444393 7.795172 0.000000 0.640838 1.463725 2.067508 2.871781 1.834033 4.345742 4.209311 0.899769 0.100311 0.000000 4.073773 1.238781 5.027229 3.959298 2.064221 3.241015 3.494112 4.611025 4.674277 2.746149 0.033933 0.971202 0.000000 0.000000 2.060143 0.002954 0.000000 0.000000 1.091185 0.000000 0.000000 0.000000 0.000000 0.000000 0.000000 0.000000 0.000000 0.000000 0.000000 0.000000 0.000000 3.554175
4.240881 0.000000 0.000000 1.598390 10.157723 18.160601 7.225140 3.270681 5.104688 0.000000 0.195037 1.931400 7.456511 5.839355 0.000000 0.026452 4.285391 3.254683 1.654827 5.925713 4.756148 2.712792 4.565807 1.942457 3.790232 3.250345 1.608075 0.158610 0.000000 1.128860 1.569074 4.447677 6.562036 3.433294 0.995108 0.432924 0.071563 5.692316 7.900637 0.891671 0.000000 0.000000 0.000000 0.000000 0.000000 0.000000 0.000000 0.000000 0.000000 0.000000 0.000000 0.869897 0.000000 0.000000 0.000000 16.575296
3.392283 4.996420 0.000000 0.000000 6.613896 21.326143 12.491703 0.000000 2.211236 1.498578 0.000000 0.094533 5.640360 10.931596 7.787090 4.248112 4.229169 3.006414 2.013126 3.902649 2.856782 1.814033 3.045245 1.392058 0.000000 0.144281 1.783520 0.223447 0.000000 0.657906 1.001047 4.101334 9.745004 5.674798 2.443446 1.746769 0.000000 4.274710 10.041646 11.958431 0.628862 0.000000 0.000000 0.000000 0.000000 1.368995 0.214325 4.134905 0.000000 0.000000 0.000000 1.241601 0.089802 0.053052 0.000000 9.769195
2.099410 0.000000 0.000000 0.000000 0.000000 17.394236 14.722651 0.000000 0.000000 0.315944 0.000000 0.000000 1.856627 11.989150 11.611640 5.939871 3.281139 2.259790 1.981163 2.115382 1.255067 0.000000 0.000000 0.000000 0.000000 0.000000 2.106286 1.434999 0.000000 0.000000 0.437438 2.368541 4.535887 3.999378 2.661720 3.902811 0.727903 3.522095 3.049278 9.988614 11.380453 1.702983 0.000000 0.000000 0.000000 4.445862 2.148299 5.350757 3.531544 0.540139 0.000000 0.000000 1.520388 0.000000 0.000000 2.981455
1.334433 0.000000 0.000000 0.000000 0.000000 11.916167 16.231024 0.000000 0.000000 0.000000 0.000000 0.000000 0.000000 10.858649 6.452903 3.622787 1.792366 0.105857 0.534087 0.000000 0.000000 0.000000 2.674054 2.696189 2.668455 6.188507 4.480107 3.873594 8.575827 1.702730 0.000000 0.891776 1.701972 0.593427 1.631281 3.054159 0.114062 2.727521 4.698319 1.308303 8.293563 9.913837 5.315465 0.000000 0.000000 2.913839 3.772282 6.444812 5.206917 3.077822 3.177810 2.136942 2.952496 3.615517 0.000000 8.376701
0.424339 0.000000 0.000000 0.000000 0.000000 9.261446 15.865500 5.634968 0.000000 0.229906 0.000000 0.000000 0.000000 2.284442 1.892273 1.976596 2.205779 1.248252 1.067984 0.000000 0.000000 0.000000 3.175385 7.998664 5.936970 6.175096 3.533332 1.514089 11.481084 9.249061 0.000000 0.000000 0.194792 1.360430 3.071172 2.545600 0.217212 0.000000 3.997361 0.000000 2.826063 13.059882 12.617148 1.473134 0.000000 3.948385 8.982435 9.479779 5.107840 2.378883 3.719867 3.192171 2.412982 4.717309 0.630491 6.560921
0.000000 0.000000 0.000000 0.000000 0.000000 5.816435 10.588820 4.193516 8.053927 6.745753 3.743568 4.368096 3.338635 2.958220 2.874576 1.656602 5.748330 5.408500 3.336069 1.417681 1.314340 0.000000 0.000000 4.571412 6.262730 2.637589 0.000000 0.000000 0.712655 6.527506 0.488909 0.000000 0.000000 0.000000 3.738431 2.001249 2.874382 2.904152 4.858332 0.000000 0.000000 6.251154 10.623798 6.289690 2.455089 3.282347 9.734034 7.262486 3.493655 1.371285 2.297626 3.224789 0.000000 0.000000 0.000000 5.414027
0.000000 0.000000 0.134976 0.000000 0.000000 3.173710 4.521475 0.000000 8.271704 11.574849 9.014384 6.425245 6.144687 8.969877 6.924543 8.880840 11.008454 8.953494 6.487267 2.728741 1.781141 2.284402 0.000000 2.033354 6.496034 4.160840 2.066328 1.943502 0.439182 1.097434 2.000389 1.094921 0.000000 0.000000 1.311754 2.544116 0.718023 2.180063 9.797673 4.564386 0.000000 0.000000 2.362659 8.342212 6.711000 1.783438 7.316121 5.296826 5.363207 4.654434 3.580738 5.588820 3.464587 0.243772 0.000000 5.297404
0.059989 0.000000 0.000000 0.000000 0.000000 2.403707 5.148157 0.000000 4.360360 7.544607 9.405139 4.740855 3.973498 9.399433 9.747952 15.147958 10.773382 9.868610 8.126025 3.316483 3.670279 4.561433 2.730341 4.037322 6.333414 4.925144 8.297000 9.106743 6.877595 3.055681 2.442444 4.745588 4.498419 5.180529 3.190919 3.463574 0.521152 0.395578 10.597073 6.542614 3.509760 0.000000 3.341727 12.251002 12.703869 2.381244 4.028701 2.159899 3.504554 5.022879 3.793854 8.469327 7.997542 4.438311 5.654631 9.674900
0.000000 0.000000 0.000000 0.000000 0.000000 5.007762 7.505239 4.732746 4.698108 5.665702 7.228867 2.120160 0.000000 3.981091 10.534410 14.593505 7.137897 6.729842 7.638281 8.199530 7.179043 1.330212 1.779674 6.297655 5.818128 2.928992 8.731258 13.263002 10.234441 8.305562 4.843274 4.615705 4.763058 9.999862 7.004862 4.025910 0.695389 2.867894 7.313274 5.763443 5.220192 7.265136 8.844785 13.944190 13.793386 6.165138 6.546488 6.765334 2.688502 2.535349 3.522142 8.285951 8.107428 2.554027 3.595645 13.599448
0.000000 0.000000 0.000000 0.000000 0.000000 4.117136 5.745602 6.563092 8.517699 7.070690 7.531696 3.782569 0.000000 2.377918 9.878472 6.223773 3.476706 5.922990 7.332400 11.721984 8.581063 0.000000 0.000000 11.044378 12.030351 4.801790 6.614307 10.467574 7.836808 7.314383 6.594697 6.730354 6.645638 10.354646 7.901159 3.231369 0.000000 0.994447 0.000000 0.000000 0.000000 10.935842 9.414795 8.429064 8.423906 8.385862 10.904711 11.374841 7.502048 5.864688 8.927567 8.179461 6.650718 2.387332 0.450359 9.311420
5.762332 1.497629 0.000000 0.000000 0.000000 0.000000 14.107270 11.065361 7.561813 3.296234 7.324059 14.038100 3.972963 2.712050 4.033756 1.492815 4.630504 6.485966 5.238081 8.050870 5.354997 1.621600 0.000000 5.698301 11.901137 4.124055 6.555317 9.881316 3.997535 6.682516 5.099649 7.080972 10.846903 10.330150 10.932899 2.571680 0.000000 0.000000 0.000000 0.000000 0.000000 3.219627 2.789229 3.574251 6.609559 6.449217 7.601073 8.216604 8.003912 9.999290 14.861797 8.784380 4.820875 8.482990 8.600458 9.192296
5.681731 1.333138 0.000000 0.000000 0.000000 0.000000 13.865276 5.374993 0.814065 0.000000 6.778031 10.634393 6.958490 0.000000 0.000000 0.000000 5.117064 4.845385 2.943429 7.104501 2.779495 0.000000 0.840099 2.024044 7.723938 4.925046 8.919891 12.948624 2.474289 2.920081 4.883852 2.337445 6.854047 4.908900 12.819527 6.085043 0.000000 0.000000 0.000000 0.000000 0.000000 0.000000 0.000000 0.000000 8.204844 11.242308 2.256073 2.085276 8.832697 12.877620 16.311583 7.907763 2.354018 12.828598 18.457399 14.231260
0.703057 2.354514 0.000000 0.000000 0.000000 0.000000 0.000000 0.000000 0.000000 0.000000 0.000000 0.000000 0.000000 0.000000 0.000000 0.000000 0.000000 2.769610 3.309192 4.400355 3.941270 3.581564 0.542318 0.000000 2.824033 0.000000 12.105838 14.381426 6.105394 2.704457 3.187421 0.386823 0.000000 0.000000 3.952639 9.256228 2.068516 0.000000 0.000000 0.000000 6.080903 7.935374 0.000000 0.000000 0.000000 9.293593 5.792777 1.661662 5.299700 13.254369 14.724299 7.061501 1.514684 10.261724 16.882917 20.130087
0.000000 4.569929 2.359660 0.000000 0.000000 0.000000 0.000000 0.000000 1.628701 1.224314 0.000000 0.000000 0.000000 0.000000 0.000000 0.000000 0.000000 0.000000 0.000000 0.000000 0.000000 2.814945 1.847818 0.363403 3.913309 0.000000 3.930413 12.696417 13.925707 10.464104 5.423184 4.775381 5.692601 2.389741 0.000000 2.876798 1.085105 2.750017 12.927220 10.482310 15.602195 16.635798 6.508895 3.526563 4.104125 7.912437 12.276788 4.891549 1.976839 9.654733 10.938276 5.274995 6.454891 8.298116 5.472624 19.701719
0.000000 0.000000 0.000000 0.000000 0.000000 0.000000 0.000000 0.000000 0.000000 0.000000 0.000000 0.000000 0.000000 0.000000 0.000000 0.000000 0.000000 0.000000 0.000000 0.000000 0.000000 0.000000 0.000000 0.000000 5.428974 0.000000 0.000000 3.708293 8.254150 11.123892 6.319215 4.436515 10.919619 6.757812 1.776072 1.684878 3.762116 4.956742 9.185709 5.968301 7.984488 9.812527 0.000000 0.000000 0.000000 0.000000 7.361210 0.801136 0.000000 0.000000 0.000000 3.240352 1.896347 2.970164 0.000000 23.001940
13.344851 9.249085 0.000000 0.000000 2.401342 2.081193 0.000000 5.045491 8.898939 3.627784 0.000000 1.941937 5.514205 0.000000 0.000000 0.000000 0.000000 0.000000 0.000000 0.000000 0.000000 9.172729 8.327306 11.048803 12.809306 2.853217 4.653524 13.744528 12.672842 15.342520 14.814466 13.922677 21.702196 11.749174 10.863774 12.293191 8.245142 8.121897 5.387053 1.332599 1.826328 10.350389 0.000000 1.786488 6.791525 0.000000 6.689591 1.109280 0.000000 4.524127 0.000000 5.760659 0.000000 0.000000 0.000000 14.258128
0.000000 0.000000 0.000000 0.000000 0.000000 0.000000 0.000000 0.000000 0.000000 0.000000 0.000000 0.000000 0.000000 0.000000 0.000000 0.000000 0.000000 0.000000 0.000000 0.000000 0.000000 0.000000 0.000000 0.000000 0.000000 0.000000 0.000000 0.000000 0.000000 0.000000 0.000000 0.000000 0.000000 0.000000 0.000000 0.000000 0.000000 0.000000 0.000000 0.000000 0.000000 0.000000 0.000000 0.000000 0.000000 0.000000 0.000000 0.000000 0.000000 0.000000 0.000000 0.000000 0.000000 0.000000 0.000000 0.000000
