1.309087 1.912231 3.762319 0.917954 5.250607 3.177819 0.000000 0.999400 2.108144 0.000000 0.000000 1.559024 1.705239 1.132769 2.164530 4.700775 0.794940 2.849756 3.430912 0.000000 4.666490 1.392196 0.737580 2.594012 6.547433 5.153434 0.213444 6.774593 5.745012 7.359671 7.756684 11.904001 0.000000 0.201352 3.087114 0.941884 2.224160 2.725452 0.753786 3.491405 2.597230 3.079167 2.794528 0.000000 3.073551 2.213934 1.920434 0.000000 6.192369 1.570885 4.185415 5.759593 2.673091 1.837612 0.000000 5.240896
4.807819 0.000000 3.635195 0.002577 4.205639 3.909709 0.000000 6.861897 4.777613 0.000000 0.000000 3.952983 0.936901 4.036042 5.024294 0.000000 4.334756 2.204018 2.630162 3.550552 0.444938 6.163213 2.216799 4.976779 0.939469 2.763599 0.717223 5.666214 1.261424 0.139560 0.000000 3.429801 2.352836 5.029827 1.445437 4.813099 0.000000 3.018623 0.912750 1.819824 7.154946 2.314404 1.871915 0.058181 2.897071 1.487280 1.717973 1.842504 1.461567 4.544753 0.000000 1.099271 2.072748 4.891200 1.564226 0.000000
3.284923 4.231023 0.359751 2.570827 8.361618 1.550483 9.304957 9.437737 0.000000 1.201609 3.299432 0.000000 0.755550 3.225610 0.000000 3.259187 0.000000 6.567178 3.983570 1.459089 0.171263 5.540409 0.000000 2.300947 4.382313 0.370740 2.190093 5.202949 4.368417 0.000000 0.230888 6.955257 3.049572 2.530856 0.301816 5.771196 3.608800 4.347488 0.000000 7.619990 1.409416 5.904039 1.719757 3.320633 4.185673 0.985879 4.780551 3.489616 0.586410 1.596732 2.311809 2.343302 5.892543 7.425975 0.000000 10.105736
1.652842 0.000000 2.989620 0.788727 0.000000 1.713555 4.326437 0.000000 0.760018 0.925985 0.928913 0.000000 1.860964 4.490484 0.000000 0.000000 3.179586 2.036973 1.694398 2.569535 0.000000 0.000000 2.844717 2.283443 8.484081 0.400030 0.848650 3.384222 4.547248 0.000000 2.671022 2.807305 3.985607 3.197261 4.499993 2.346042 2.429461 2.403299 0.871164 0.000000 3.733804 3.626065 0.000000 6.814041 2.687417 6.003901 0.243316 3.054884 1.456319 0.000000 3.248904 6.229221 1.048944 3.331614 0.330240 6.821023
4.833712 1.875697 0.000000 0.000000 2.342942 2.874367 0.000000 0.464785 0.836477 0.834560 1.436001 0.517077 0.000000 3.489025 3.037332 0.000000 0.000000 1.944684 2.265587 2.383954 2.449110 1.775992 5.334528 4.366298 0.000000 3.525077 1.911570 0.000000 5.677725 0.000000 2.633982 0.438910 1.684813 3.082439 0.000000 1.223925 0.430613 5.652699 0.000000 4.780782 5.301118 0.000000 5.486695 0.128239 1.267781 3.409977 1.076287 3.103717 5.094375 3.007903 2.954904 7.565458 3.259524 7.145515 4.000884 5.882768
0.000000 4.730995 0.000000 0.478403 6.723186 0.000000 0.000000 0.056370 2.946947 0.000000 0.937083 1.386696 1.258951 1.168301 0.000000 1.103698 1.700287 2.106725 0.000000 2.218779 5.047588 1.459072 0.000000 0.000000 5.539558 5.073509 0.000000 0.275835 1.390880 7.801196 4.758276 4.600344 2.754652 1.255986 6.431814 8.128264 8.336988 0.000000 7.623525 3.607174 0.000000 9.171091 2.689852 0.881369 6.462796 6.811953 5.063280 0.849025 4.597699 3.180585 4.223605 0.157254 7.902219 0.000000 2.971430 1.453305
4.820656 2.184412 3.906588 0.688445 5.443568 0.000000 1.836489 1.291386 1.951491 3.412533 2.931968 0.708331 1.087669 1.301027 1.631958 7.262653 9.431373 1.497450 2.440769 3.715986 0.327814 0.000000 2.121132 3.049196 0.000000 0.320599 0.000000 5.813936 1.695381 4.121306 7.913313 1.754263 1.176859 9.851025 1.773309 3.310875 0.000000 8.033125 3.408315 0.000000 5.830543 8.573818 2.324288 0.032044 4.051091 0.397749 9.922178 7.650396 2.301979 0.913253 1.782458 1.988007 4.228194 0.000000 0.000000 2.819389
0.978714 3.542645 0.000000 0.000000 0.000000 1.151814 0.977843 2.631112 0.000000 1.407087 0.000000 2.241677 0.123888 1.735435 0.404387 0.000000 10.425004 0.000000 1.937901 0.850262 1.388401 1.650727 2.625371 2.869212 0.000000 2.841114 0.982384 3.679873 6.867643 6.075541 11.998753 1.887867 7.996621 4.639880 0.000000 7.777301 0.000000 2.652368 2.273557 1.399553 0.533727 1.219128 0.000000 11.588790 5.398802 4.036954 0.000000 2.276954 2.130318 0.000000 1.214463 0.000000 0.000000 3.273785 8.533337 4.396273
3.721279 3.603650 6.064930 2.897885 1.486367 0.962147 3.525971 1.502258 13.394204 3.143350 0.217982 1.591669 0.047743 2.698012 0.000000 3.965561 9.529490 8.394569 4.645479 0.000000 0.397389 8.612066 4.542357 0.580838 1.302871 1.713757 3.640123 0.000000 6.879755 4.588314 1.836050 1.695369 0.000000 4.080721 4.619801 5.184237 1.045006 1.214194 2.786419 2.135660 0.234857 0.000000 3.287491 8.081259 0.565364 0.000000 2.057230 5.790721 2.308151 3.518090 4.984484 0.477411 0.856873 4.118844 3.396353 1.421367
2.829854 1.188250 0.000000 11.682529 0.000000 1.328017 0.996492 5.037269 5.613875 6.976404 1.161789 1.037947 3.021976 1.225262 0.000000 3.123016 0.000000 11.952195 0.124781 0.227805 2.026356 2.335339 2.339167 0.000000 7.274208 2.900160 0.000000 4.917877 4.017482 1.237850 2.562964 0.956893 0.826572 5.943317 0.249890 0.502217 3.796715 0.000000 8.167606 0.328687 0.000000 0.000000 5.159047 2.463895 8.130566 2.348923 6.358799 1.407229 5.672907 4.593071 0.000000 1.712458 7.090899 0.000000 12.433055 2.715792
0.586037 4.338002 3.302827 5.465294 0.000000 0.793409 0.928812 0.051267 0.000000 1.314139 2.646943 3.254244 0.513222 1.655388 0.295311 2.074470 8.424583 0.066704 0.190710 0.095100 5.130595 4.662258 1.557654 5.352009 2.332982 0.000000 2.742420 0.921498 0.000000 0.954945 3.353512 5.087750 0.307219 6.494166 0.000000 2.176213 5.412819 2.681243 5.078773 8.408273 6.475684 8.247673 1.701056 0.000000 0.000000 3.926770 1.174913 0.868899 2.557777 2.032818 4.726657 0.000000 2.161280 0.000000 3.328148 5.514946
8.713393 0.820668 4.530328 0.000000 1.453692 1.568354 1.299983 1.172332 1.472217 3.337174 1.406187 1.613446 2.555390 0.547900 0.000000 2.175756 4.333573 6.517221 0.234477 0.000000 0.003717 0.000000 2.853475 4.425484 1.335735 0.000000 3.405754 1.592341 7.765552 2.585025 1.453353 0.197470 7.216185 17.007786 7.983005 2.720893 1.748307 0.482032 7.135083 3.272368 7.702775 0.855314 12.488820 0.800717 2.770705 5.432104 7.092697 0.073502 6.919128 5.187977 4.828143 3.297961 2.230802 4.763578 0.194999 3.970796
0.000000 3.839257 1.588282 0.000000 0.000000 0.000000 0.000000 0.000000 2.945732 1.765782 0.877779 1.991204 2.403622 4.361815 0.229357 1.347966 3.949925 1.742776 0.540546 1.549427 0.000000 0.280497 0.511479 4.332455 3.443646 4.044818 1.178215 0.330609 4.357718 0.000000 2.805274 3.288931 7.555709 3.015153 0.000000 4.263929 0.000000 2.039398 4.003305 1.060652 1.136998 0.000000 6.720714 1.940469 6.127989 3.838369 3.318777 3.478466 3.844299 4.170350 0.873061 5.537600 0.418450 0.604874 5.546473 4.271503
5.518075 7.064087 2.592410 6.122644 7.047112 0.000000 6.866527 0.000000 3.863395 5.367374 1.860023 2.336920 5.111610 2.187735 1.171057 2.674635 5.188056 2.799345 2.834639 1.017273 0.842837 0.000000 0.535774 4.909397 1.104459 6.303937 2.332254 7.694005 1.962728 1.506355 7.703203 5.229358 4.372407 1.985431 2.776449 2.205379 7.487319 8.356547 0.000000 0.485295 2.617969 2.005736 4.400928 2.609092 4.872781 0.616062 3.753124 0.335506 4.368731 3.009057 1.458185 0.000000 6.002723 3.510723 1.569008 2.480632
0.000000 5.959143 11.303102 5.286831 0.553157 9.423018 13.802716 17.863708 9.787308 3.640113 1.845025 5.322948 3.373095 0.000000 2.835770 2.384878 3.241488 0.164535 1.364968 0.101380 0.831862 1.117243 0.000000 0.000000 5.246772 2.688831 5.367401 0.000000 7.633879 8.957670 6.677123 0.000000 3.125141 0.000000 3.673679 0.000000 0.431104 5.252638 0.000000 0.090227 0.538769 3.016897 4.506628 4.879742 0.103191 6.723640 10.721934 2.459724 6.681911 4.722251 4.533913 1.831689 3.404943 11.412148 5.451230 3.300622
0.000000 2.696102 5.430205 0.000000 0.952295 0.000000 0.000000 1.044407 2.858654 3.967963 9.937868 3.307674 0.000000 0.046816 2.842734 2.254195 1.313904 0.928354 2.217979 0.174327 1.429272 1.598814 0.209861 0.897333 3.250210 2.340624 0.000000 1.628856 3.730564 2.151974 1.747128 0.000000 4.674798 0.000000 0.000000 2.358632 0.735938 4.643464 0.607692 4.164629 9.130500 8.429789 3.844690 0.000000 4.996352 0.266726 3.271967 6.277312 2.388061 3.748044 9.579542 4.685081 5.611939 0.000000 0.071932 3.920743
1.434371 0.000000 3.685168 2.840271 2.857284 3.548101 6.820531 4.556199 0.000000 0.000000 0.000000 2.523846 2.890609 3.912283 3.896712 1.936621 1.354405 1.316956 2.899542 2.112022 0.970344 0.623922 0.885195 3.686739 4.197506 2.276223 0.000000 0.000000 0.000000 4.059696 0.000000 0.000000 3.947786 3.955910 0.349767 0.000000 0.487368 5.781903 0.000000 3.524352 6.647852 3.536083 6.886451 0.446773 6.843739 0.000000 0.525368 0.000000 0.000000 6.700958 2.443585 0.000000 4.201585 4.052380 0.430506 3.277870
0.000000 3.712290 2.024786 0.196362 6.308422 1.014081 1.895273 1.249721 2.467026 4.822337 0.000000 2.993959 0.415141 0.559408 4.916206 1.093695 0.574871 1.695872 0.971421 2.818905 0.509272 1.567047 0.138989 0.000000 0.806079 0.596590 2.867359 8.384165 3.326111 1.596502 0.740079 7.887066 0.733027 3.877819 3.222350 4.145911 0.247469 2.871052 1.889811 1.165892 5.334564 3.218997 4.987487 6.610281 1.540582 2.635328 6.487543 4.271616 2.679936 2.821695 1.671876 2.709251 1.746552 5.611285 6.235106 3.147950
0.000000 3.634998 0.000000 0.769051 1.850473 1.281730 0.000000 0.000000 0.353553 1.975956 0.149193 2.756022 0.213219 0.423384 0.792463 1.243297 1.096261 2.629499 1.056511 0.000000 0.485198 1.501065 0.664315 0.000000 3.932849 9.716224 11.387871 0.000000 0.000000 4.533222 8.239290 7.021197 9.391441 5.812860 4.416314 4.175449 2.329562 11.085934 6.226290 4.512349 6.002792 0.152032 4.815966 4.774316 1.268293 3.278984 0.354114 2.383770 0.403491 3.530419 0.000000 10.498975 1.477248 2.612134 3.687389 2.020057
1.147166 1.410728 1.760970 1.290753 1.579450 1.662041 0.000000 1.101525 2.094000 0.788333 6.791148 0.000000 3.795994 1.489677 2.121485 0.618539 1.826979 0.963778 1.485930 3.504946 2.731050 0.252894 1.978297 0.287977 0.126062 0.000000 5.308869 6.446246 4.374256 6.284946 1.728707 9.389077 0.219589 5.641140 0.000000 3.456688 0.000000 1.723930 1.709769 0.202964 0.732215 1.442534 3.755670 8.212040 0.312450 0.000000 8.846308 4.008060 7.165349 0.000000 7.734797 0.000000 0.160826 11.350856 10.853136 0.786368
0.787803 1.975812 3.009661 3.515406 1.951537 0.623425 2.820495 4.644121 3.313017 1.305162 2.004642 5.762718 2.845965 0.000000 0.000000 2.140939 0.000000 3.426342 0.000000 2.301075 0.914274 0.000000 1.318684 0.142243 1.502463 0.288961 2.584546 0.000000 0.000000 0.000000 0.000000 7.077112 2.168613 0.000000 1.299562 0.000000 0.000000 2.820234 2.610400 4.291083 3.417459 0.000000 2.039461 6.638425 2.489566 0.667148 12.166962 0.000000 5.207246 0.846298 3.601289 0.765095 4.165843 6.217765 1.728752 12.477472
0.000000 1.048985 2.565197 1.844574 3.440566 2.693454 0.163878 0.913121 2.772479 2.991175 1.698162 2.966262 2.548328 5.643933 2.715943 1.427010 4.660217 0.693439 1.799045 0.217375 4.046825 1.393213 1.201094 0.371443 1.163265 0.923690 3.935307 1.827713 5.711304 4.082859 1.297180 1.320425 0.000000 5.330544 7.248761 4.240807 6.743088 2.519207 0.000000 0.000000 2.569543 4.309681 2.046418 4.746977 4.798697 5.948606 13.799101 0.000000 0.000000 6.546864 4.599253 2.331072 4.912355 1.475848 4.347411 1.070341
1.809043 1.794325 4.770422 3.101114 1.400270 2.275711 0.000000 3.218580 2.672187 3.872502 5.267794 0.000000 4.933204 5.139750 6.559056 1.030426 3.097083 0.000000 3.001004 1.066037 3.766991 0.811392 0.555595 0.593408 0.505560 1.026889 0.872669 0.208141 2.039017 0.250736 3.575990 0.000000 4.760985 2.768908 1.941000 6.468298 0.000000 2.122932 3.464515 8.664208 7.852746 1.810060 3.516042 1.692067 1.879031 0.000000 0.000000 1.752281 3.621701 2.442786 2.392267 3.405217 0.000000 5.578053 4.079290 5.882069
0.000000 4.911132 3.780606 1.862203 4.417468 4.251682 2.892034 3.878980 2.437372 3.175434 1.376462 3.927305 1.513137 2.560585 1.206205 3.197800 1.384372 0.199904 3.589879 0.573457 2.039190 0.419728 1.270217 3.266361 2.764148 0.000000 0.829769 1.096555 1.013176 0.000000 3.219517 2.565073 0.000000 0.702656 3.858259 3.195850 4.047782 7.104735 0.720898 0.000000 0.000000 5.881565 3.727779 1.337130 7.215812 4.235035 1.741039 5.251004 0.781598 1.454578 0.000000 6.069095 4.965652 4.466827 0.000000 7.544049
1.693183 2.388310 3.282801 4.420847 1.350166 3.205379 1.081154 0.000000 1.477082 1.427798 3.274643 3.738507 1.701086 2.217054 0.000000 2.546318 0.000000 1.158522 3.354803 0.329203 1.040766 3.351903 1.793536 2.250710 0.000000 0.460889 0.576164 0.000000 1.061875 1.855626 0.000000 0.948947 5.068939 0.000000 8.094954 3.492278 0.000000 2.581218 7.379006 2.591839 2.582824 2.809152 0.860909 8.970963 0.000000 1.621719 0.241477 3.840192 2.861750 2.837685 6.838019 2.051199 3.184272 0.328267 2.701110 0.454813
2.685080 0.000000 1.217873 0.000000 0.159248 3.742284 0.417994 2.666398 0.000000 1.239686 0.303906 1.951203 1.549060 0.000000 1.903134 1.260994 0.000000 1.652847 3.589380 4.095193 3.069067 1.495576 0.934616 3.163582 1.015988 1.157227 1.343406 0.275313 1.090630 0.657977 0.495869 0.926803 4.428198 6.992439 8.393192 2.809342 6.550241 3.109967 0.000000 8.584749 1.536153 4.582724 8.064305 1.859265 5.144794 1.805790 1.737437 2.946700 3.147767 0.000000 3.109096 0.926322 6.102128 0.000000 4.680178 1.163487
3.030535 2.141269 2.161651 2.010940 2.245752 1.544026 0.696934 2.953276 1.517363 1.200068 1.430352 0.000000 1.569553 3.323500 2.205188 0.419282 0.284979 3.231874 0.638191 0.000000 1.564147 0.535239 0.636835 1.072763 0.379139 0.867152 0.776783 0.964999 0.357399 0.674805 0.152192 0.000000 12.918724 4.414268 3.546293 1.882532 4.121554 5.815392 3.289782 0.600855 4.459988 3.497663 0.000000 9.393322 0.000000 6.553411 2.194554 1.966474 1.412074 2.812937 7.055120 0.351340 4.212886 5.898798 1.963883 1.659659
0.835299 2.839461 3.155531 2.407414 1.620363 2.754519 4.220376 0.000000 1.272557 2.039891 1.179426 0.450589 0.824693 3.530967 0.675834 0.000000 4.059588 3.473997 0.000000 2.269810 2.056439 0.000000 1.799114 0.509528 0.331644 0.138036 1.184086 4.104905 0.960113 0.643288 0.990976 0.493090 9.706051 0.000000 14.795120 6.032131 0.646336 1.533504 6.052313 2.938068 0.000000 0.000000 4.304797 5.894384 4.524150 3.301582 4.075844 3.593195 6.394876 3.569281 0.000000 6.501798 2.867394 2.955955 0.000000 6.982595
1.067049 0.038631 3.056561 1.913690 0.737830 2.278470 0.000000 1.707182 0.747024 3.574536 1.142139 4.334687 3.623811 1.548002 4.467854 2.964383 5.256303 0.000000 2.829889 1.671148 0.507143 0.564357 1.554016 1.478512 0.368457 0.000000 1.806347 0.845737 0.062015 0.212117 0.489008 1.478421 0.708228 0.000000 9.064672 3.043571 0.000000 5.026167 0.000000 5.931340 0.860963 1.363301 3.327953 0.000000 5.027204 9.737215 0.087866 1.281340 0.000000 0.000000 6.586607 5.034795 2.648501 3.237232 6.774647 2.827118
0.186546 4.459846 1.977561 3.275737 1.859395 1.440037 3.567021 1.230899 0.380590 0.482205 0.000000 0.706861 0.647972 4.483908 3.135703 5.104096 0.003918 2.682563 2.175442 1.563990 1.659873 1.339990 2.110923 0.151534 1.767400 0.000000 2.710280 1.605614 1.276930 0.903319 0.000000 1.535478 2.644690 0.000000 1.412432 0.000000 0.000000 0.555718 3.015427 4.187900 2.536726 3.692111 6.673048 3.116370 8.819540 5.339001 2.076708 7.594523 5.316594 9.519395 4.002672 3.863096 1.164412 7.999527 0.981804 5.736277
2.536581 0.963495 4.727929 1.162515 2.492920 6.774555 4.931129 2.187088 3.470364 0.367274 2.249255 3.250525 7.226999 0.489598 4.797061 1.596261 0.000000 1.719616 0.055367 0.861032 0.939033 1.271322 2.061635 2.666359 0.542179 0.000000 2.213337 1.016020 0.000000 0.958342 0.000000 1.163384 3.344201 1.322946 0.000000 8.023907 2.593852 2.386309 5.317467 4.164487 3.635001 4.226122 0.000000 2.350767 5.504467 0.000000 5.675986 2.056510 1.638129 6.044336 3.691905 5.124166 0.000000 5.531564 7.401817 3.497125
1.167687 5.256670 2.615897 3.365290 0.000000 5.793933 0.000000 3.055404 4.401969 5.463308 5.799202 4.642141 4.407222 5.587921 5.801056 0.000000 2.001241 1.330495 0.368134 1.330146 0.858279 2.526769 0.322394 0.622041 1.473534 0.052519 0.612359 0.953663 0.605489 0.000000 1.451543 0.962106 1.826477 3.172805 0.094303 4.511105 3.014987 4.385931 3.595444 3.854933 0.000000 3.862964 2.480249 1.938812 3.101681 4.735247 6.710590 2.476286 3.547789 0.000000 4.247051 19.689430 7.073588 5.900243 0.896307 4.365995
2.160604 6.118623 0.000000 3.960152 2.987452 4.351550 1.695036 2.462610 2.673012 0.972165 5.414959 0.529660 6.644220 2.895916 0.091412 5.154078 5.598683 1.290238 0.221630 2.172747 0.278725 0.000000 1.220554 0.667258 0.579666 2.218795 1.797819 2.309160 0.668494 2.162451 1.542879 0.698821 0.000000 0.565422 2.092132 0.000000 5.463181 0.832243 2.487513 1.100152 7.820650 0.000000 3.332709 1.205085 3.155520 0.000000 2.741776 1.707470 3.600192 0.448545 2.946264 10.517056 1.423004 4.493317 0.000000 8.162029
1.285174 6.936131 4.806383 4.170635 2.693142 1.526623 0.838581 5.821033 1.916612 1.273478 0.000000 4.634226 4.779842 2.496971 0.000000 4.372619 1.314162 0.341658 1.745522 3.435735 3.465628 0.707841 2.027495 0.688362 1.814297 0.527959 1.524696 2.567878 1.327155 0.214276 0.936307 1.741021 1.437157 2.265889 2.544818 0.000000 6.411835 4.238623 3.844875 2.477258 8.573649 3.242904 0.667802 2.972496 2.151882 6.464221 1.358820 4.536744 2.427317 6.895871 3.662824 8.828534 3.075778 3.859475 7.023657 2.250174
0.388558 1.876446 0.000000 1.629761 5.075115 3.433336 0.674102 0.567220 3.382467 0.444211 7.481782 1.989164 0.000000 0.498161 3.830222 3.771727 0.000000 0.403988 3.448974 0.684381 2.601386 1.998245 0.614515 1.376717 0.513927 1.719543 0.702059 0.589022 1.443004 1.529403 0.000000 1.480647 0.352162 0.608414 0.745259 2.907382 0.000000 4.173294 3.214529 0.000000 1.763287 0.000000 5.511149 6.413288 0.000000 5.349853 4.910877 4.323581 0.000000 4.152588 5.486850 4.488164 4.992284 3.769977 0.000000 4.156837
0.073360 1.397067 1.862243 4.093290 0.104287 1.207218 0.000000 4.215900 0.000000 4.821887 6.026321 2.053289 0.000000 4.535900 3.487304 0.543070 0.607814 0.296377 2.222278 0.821299 3.579294 1.454816 3.565364 0.669024 1.597968 0.925817 0.881951 1.114995 0.133673 1.200332 0.000000 0.096896 0.505991 0.358118 0.152461 2.674292 0.000000 1.866302 0.804797 4.222957 2.101659 5.192711 3.596264 0.214310 4.028757 3.091601 4.402560 2.360301 2.123988 1.566109 6.711017 1.983075 0.367369 10.735925 0.000000 8.068526
2.656987 4.831466 6.169345 1.831033 4.816195 0.000000 3.041807 2.145818 2.841482 2.560519 0.622970 3.943920 2.692852 2.827060 1.541574 0.796026 2.312403 0.822587 0.467855 1.558663 0.278639 3.499417 2.468141 1.129912 1.280064 1.216617 1.606485 0.963819 1.726209 0.727864 0.438148 2.335653 0.195128 0.341541 0.000000 1.474838 0.427629 2.740197 0.000000 6.292808 3.508823 0.000000 2.476130 5.599442 4.733765 2.901186 2.754097 2.497731 4.394672 6.686879 3.112978 0.131965 7.739221 1.059602 0.000000 9.720665
6.081165 2.146265 3.558078 0.996116 0.000000 1.957277 5.006626 1.183541 1.761436 2.565832 1.344893 3.174461 1.254688 1.682543 3.070395 0.799858 3.003730 1.822667 2.122893 1.388679 1.073211 2.038200 1.469452 1.075955 0.932949 0.000000 2.845009 0.000000 1.063696 0.259430 1.130568 0.993361 0.661175 0.000000 0.257433 0.570475 1.142254 0.000000 1.343033 0.000000 1.219555 5.146830 4.785908 0.000000 2.569126 7.717401 0.219511 6.133716 1.010780 2.835383 0.000000 3.864991 5.002885 0.000000 4.406069 5.689704
1.671995 4.583851 0.470841 2.938737 1.217535 2.868522 0.169627 3.673304 3.410238 2.529986 0.326294 2.501848 0.069476 3.135872 2.819373 0.110746 0.296838 0.447185 0.564702 1.691877 2.634846 1.320130 1.549217 1.743574 1.685265 0.000000 1.882013 3.601296 2.740913 0.321876 1.928109 0.286948 0.309607 0.398135 1.468351 1.045245 0.759387 2.464034 1.011808 0.000000 1.860361 3.068676 2.302140 0.000000 4.998213 0.000000 2.833918 0.000000 0.717978 1.556076 8.350417 6.568360 1.588253 12.186188 3.104540 0.243446
2.297933 5.324923 0.000000 5.937501 3.514659 0.746995 0.883061 4.401835 2.403907 0.000000 3.024120 0.571599 1.420800 2.496277 1.601627 0.920003 2.855850 1.239382 1.954688 1.099191 1.698857 0.000000 2.999993 0.699266 1.841217 0.526938 2.784596 0.304212 2.898874 1.550495 1.260923 1.314615 0.071487 0.648057 0.361587 2.060352 0.921426 1.240813 0.460539 1.347224 1.179663 0.757175 0.409242 0.864114 7.298883 0.000000 0.045975 4.993178 1.329756 1.080907 2.737786 0.000000 3.256973 1.959202 0.000000 1.417343
3.585537 3.248308 4.573070 0.000000 5.058539 0.584491 0.314257 1.790491 1.314135 0.000000 0.402045 3.600508 1.003987 1.973031 1.913320 1.027208 1.329990 1.427961 0.158168 1.024506 0.548585 2.322954 3.141453 0.773843 2.505160 1.178916 0.627925 0.929313 1.114537 0.706992 1.621849 1.124865 0.461544 0.000000 0.416496 0.024748 0.500405 0.000000 1.527647 2.052446 3.497453 0.000000 0.860860 8.038699 8.185100 0.000000 1.964500 1.832703 2.577511 1.734910 2.403929 2.612677 2.884131 1.179684 5.101554 3.479891
2.814016 0.000000 4.089853 1.830208 1.574302 2.404418 0.281238 1.779778 3.441782 4.633830 3.400077 3.598485 1.549553 2.486000 2.187582 2.705105 0.114448 1.733195 1.537777 2.986445 1.251663 0.163198 0.000000 1.365673 0.000000 0.000000 1.771617 0.537806 0.314155 2.261909 0.000000 1.760311 0.512563 0.867983 0.985077 0.341646 0.808117 0.954056 1.094497 0.000000 1.034526 1.586590 1.576387 1.342687 0.000000 1.381673 0.759031 0.000000 1.648449 1.340945 2.309086 1.292154 2.616961 1.969246 3.010343 1.284656
1.285877 1.496924 6.894954 1.113248 3.939780 2.884946 1.868575 0.000000 3.951241 3.561105 2.849085 1.981081 5.380527 5.569044 3.009107 2.708412 1.826996 2.527426 1.029343 2.958324 0.000000 7.251580 2.926234 1.065879 1.382180 2.887442 5.229224 0.812127 0.672630 0.000000 1.403338 2.604153 2.520715 0.373021 0.602393 0.235815 1.738469 0.900669 0.700515 0.959001 1.284883 0.582561 0.367815 0.661375 0.054918 1.306436 0.000000 1.502524 0.923567 1.077358 1.799266 1.788713 1.694665 0.781111 0.089712 0.000000
2.683421 0.311425 5.429218 3.257703 3.387771 3.587461 1.542527 2.195586 0.082302 4.362601 3.457368 2.228440 1.309012 3.593938 0.000000 5.364352 1.846277 0.000000 1.895701 4.768948 5.778592 5.397936 4.402174 2.914631 4.377738 0.586634 1.479165 3.035950 4.735127 0.233534 0.449012 0.507318 0.244885 2.945774 2.481199 0.690441 0.274138 0.000000 1.488840 1.569634 1.835691 1.507183 1.914356 0.800680 0.979440 2.468585 0.000000 3.212615 0.354334 0.366049 0.236360 0.075348 2.518622 2.244822 0.028743 0.386988
1.484830 2.228946 0.000000 2.105247 8.900393 0.625832 0.894055 0.846365 2.269838 2.890699 0.561714 0.000000 5.836720 5.136066 5.041008 1.706247 2.460737 1.278315 4.069148 7.152904 2.964249 1.972538 3.137485 3.310458 0.644158 0.771943 0.741736 0.000000 1.513199 3.202111 1.247435 3.189101 4.248473 1.132323 4.176966 2.017414 1.076499 3.271912 2.435944 0.179948 1.152471 1.732767 0.523835 0.229805 1.430680 2.218181 3.193763 2.386178 1.942434 0.672445 3.587942 1.041256 1.741230 1.053188 2.389546 0.246885
1.444854 0.995089 4.082720 1.045577 7.411642 1.052520 2.644419 1.604107 0.299085 4.202401 0.450241 1.183440 3.699864 4.295393 6.332021 6.176750 2.224165 0.000000 2.328881 2.811508 3.522412 1.830935 1.775789 1.297113 1.789748 1.676584 0.057515 1.130149 1.788299 2.085222 0.150555 0.000000 0.396817 1.327863 2.434886 0.360151 0.003054 1.786698 1.083015 1.949310 0.000000 2.046624 0.520803 0.819232 0.535758 0.000000 4.077826 2.109241 0.000000 0.314839 0.525023 0.861777 0.000000 1.143711 1.129724 0.000000
5.038389 4.693233 3.630650 13.311449 2.898519 0.000000 1.253859 1.677818 1.826565 3.117135 0.000000 1.452424 3.196778 1.428207 0.000000 2.612104 1.368746 4.237043 4.727814 0.803826 0.980443 3.803243 1.664572 0.000000 2.176719 0.311531 2.464177 0.705391 2.910133 0.000000 1.110872 1.088736 0.291079 0.625180 0.619171 0.766124 0.967174 0.274141 4.511834 0.898976 2.229398 0.000000 1.453087 1.173974 1.286088 0.000000 1.272364 2.539232 4.056473 0.575925 1.176206 1.290567 1.666410 0.694171 0.954939 0.000000
3.856580 5.172511 7.856439 0.000000 10.751093 3.173276 0.580101 0.427936 3.189345 2.223862 0.000000 2.037169 0.074245 0.331684 0.000000 5.348149 0.000000 3.113585 1.190538 3.445054 0.447694 1.125682 0.000000 0.424092 0.000000 2.356015 2.416671 2.482485 0.731673 2.698679 1.028590 0.478447 1.189256 1.400572 0.000000 1.411571 3.098227 0.000000 2.069954 0.996723 3.899798 0.256955 1.139812 4.404700 0.296656 0.690244 3.317978 0.000000 0.691373 2.520728 2.295461 0.362792 1.004493 1.570574 0.320504 1.366169
4.044887 0.000000 0.000000 8.995857 7.500194 12.913782 0.000000 0.479091 0.619365 2.233821 1.426806 1.168595 1.832970 6.263837 4.243201 1.860580 0.621423 4.535994 0.496718 2.608340 1.034970 0.000000 1.443499 3.308863 2.281353 3.410356 0.965545 3.968549 1.656780 1.374311 1.434345 0.987468 0.813468 0.567709 1.951270 2.017485 1.248822 1.863569 1.213766 4.245363 0.000000 4.554177 2.737297 2.448236 2.930383 0.775256 0.000000 6.069136 4.404673 0.000000 1.828429 1.935299 1.533055 1.198614 1.466154 0.000000
1.520022 1.619117 0.000000 5.158066 1.939340 4.279192 0.000000 2.903575 0.000000 0.070982 1.902280 8.270724 0.636322 4.400318 0.000000 5.053090 0.142020 1.307171 3.740123 1.099327 1.334780 3.034930 2.634001 6.062212 4.159729 4.707217 3.601813 2.831835 3.621734 3.293687 0.968079 1.186836 2.354053 0.801239 1.215288 2.203554 0.000000 2.127229 0.673847 2.311780 6.347160 4.904962 0.000000 3.408087 0.000000 1.000759 5.986680 1.141882 0.333258 1.500458 1.297171 0.965661 0.511859 2.108240 1.716410 0.000000
6.137881 5.865524 2.783433 0.953798 2.091662 4.695522 0.000000 0.000000 7.004189 5.407663 10.225095 3.474956 2.512776 1.551929 4.208443 4.832383 1.941530 3.511237 0.392983 2.589429 2.158321 3.818827 2.175821 6.662100 3.225217 2.589242 3.994647 2.812056 5.924226 4.773681 1.813579 3.353004 4.654770 0.000000 3.172729 0.000000 0.489088 2.535031 2.217432 4.236112 0.420695 1.365440 1.378543 2.778712 5.488772 2.712164 0.898497 2.613255 7.606543 1.099228 2.369787 2.018397 1.009458 0.504326 0.000000 0.622043
5.194787 5.804150 2.431489 0.000000 0.659712 2.853794 5.204074 3.661752 3.896843 4.598579 8.901555 0.000000 1.032594 7.556228 1.148461 9.811146 6.148189 3.288017 3.627469 0.000000 3.799666 0.329401 0.000000 5.007480 1.913103 2.800333 6.597228 4.709501 0.000000 2.099395 0.569865 0.742673 1.122921 1.493899 3.487502 0.000000 1.142286 0.829948 0.681255 0.367658 0.849521 1.295513 0.719080 1.187277 0.016489 4.977932 2.811874 2.917055 5.579328 3.323948 3.491314 2.126514 1.033197 4.106865 1.448895 0.000000
4.696710 5.419383 5.000766 6.388885 7.868931 3.574220 0.774089 5.617585 0.000000 5.020204 0.000000 0.774379 2.329476 0.451891 0.000000 3.221557 6.035582 0.685367 0.489607 0.000000 1.360441 3.438295 4.344151 1.934627 3.684916 0.000000 1.914567 3.373155 2.479180 1.113601 1.566643 0.000000 1.114021 0.600406 0.674255 3.335920 1.248176 1.572192 0.810488 0.526835 2.316052 0.000000 4.033228 0.966750 2.651258 0.695469 0.763228 0.000000 0.946158 6.710901 6.441689 2.396724 0.678133 0.376647 0.000000 0.000000
0.000000 3.011364 2.752587 9.437979 0.000000 0.534740 5.524980 0.000000 0.194919 1.692038 4.098228 5.098410 6.709061 1.671347 6.034325 1.313474 0.945475 3.409226 4.141553 6.631729 2.640053 0.000000 0.000000 0.000000 3.113785 6.204908 2.299631 2.007800 0.000000 3.438929 0.697798 3.347124 3.917499 1.727357 3.420916 1.143232 1.028645 0.273144 0.000000 2.273355 5.975910 7.176686 0.866186 8.845906 1.244719 0.000000 10.771757 2.570367 13.761451 4.390604 3.303064 6.997858 8.477039 1.499089 3.112841 3.486748
2.900437 12.810889 3.356775 3.589923 2.159932 3.691538 0.000000 0.583901 7.156981 1.807490 4.082970 0.000000 0.503851 0.000000 5.848774 4.764951 0.837283 1.998143 10.600895 0.000000 0.000000 2.749283 0.000000 0.000000 1.288569 3.809031 0.034178 0.079747 0.000000 1.596547 4.164657 0.000000 1.019996 0.000000 0.596837 0.000000 3.752521 0.000000 0.567015 1.295682 7.055893 3.374754 2.058851 5.591043 3.905105 3.295775 15.494512 7.959552 10.560968 0.005748 0.000000 4.554401 4.945222 8.768287 4.212509 4.598869
3.543504 4.968419 0.173933 3.094936 9.226314 7.971425 11.971194 0.913536 9.091646 0.000000 0.000000 4.589505 3.099574 0.218629 7.726171 0.000000 3.979382 7.844341 3.514406 9.059689 3.656799 4.475975 3.223920 7.456063 3.344355 2.778931 5.348345 2.815275 1.548399 2.955621 4.744030 4.255290 3.263394 0.000000 4.267758 10.179132 4.381691 4.678961 6.422851 8.057561 3.087882 3.030389 2.101011 3.881909 9.777319 0.000000 2.547939 10.579196 0.000000 9.305213 3.707273 3.539421 8.681628 2.992253 3.435458 4.702854
