0.000000 0.000000 0.000000 0.000000 2.746140 0.000000 0.000000 0.000000 0.695956 0.179696 0.000000 1.909021 2.281507 0.920636
0.000000 0.000000 0.000000 0.000000 0.000000 0.000000 0.000000 0.000000 0.000000 0.000000 0.000000 0.000000 0.000000 2.609452
0.784359 0.000000 0.000000 0.000000 0.142294 0.000000 0.000000 0.000000 0.000000 0.000000 0.000000 0.000000 0.000000 0.000000
7.110127 11.536447 3.523302 0.441431 1.812544 0.000000 0.000000 0.000000 0.000000 0.000000 0.000000 0.000000 0.000000 0.421603
0.000000 0.000000 0.000000 0.000000 0.000000 0.000000 0.000000 0.361562 0.000000 0.362786 0.718220 0.000000 1.047351 2.653299
0.000000 0.000000 0.000000 0.000000 0.000000 0.000000 0.000000 2.150794 1.890659 1.673979 1.664525 0.152211 1.191980 1.689922
0.000000 0.739830 0.613086 0.000000 0.000000 0.000000 0.000000 1.903399 2.314392 0.438768 1.189692 0.446608 0.000000 0.000000
0.000000 0.000000 1.133597 0.000000 0.000000 0.000000 0.000000 0.865396 1.858531 0.000000 0.359676 1.016618 1.760970 1.768757
0.000000 0.000000 1.340597 0.000000 0.000000 0.000000 0.000000 0.000000 0.796142 0.000000 0.000000 0.000000 0.878751 3.181155
0.000000 1.102204 1.070482 0.000000 0.000000 0.000000 0.000000 0.000000 0.000000 0.000000 0.000000 0.000000 0.000000 1.450184
0.157518 0.000000 0.000000 0.000000 0.000000 0.000000 0.000000 0.000000 0.000000 0.000000 0.000000 0.000000 0.000000 0.000000
0.558469 0.000000 0.000000 0.000000 0.000000 0.000000 0.000000 0.000000 0.000000 0.000000 0.000000 0.000000 0.000000 0.000000
2.781804 1.099148 0.000000 0.000000 0.000000 0.000000 0.000000 0.000000 0.000000 0.000000 0.000000 0.000000 0.000000 1.259863
7.289681 9.069855 7.417825 7.696264 8.024273 13.150297 11.943717 6.848994 5.163104 5.482409 7.277419 7.545848 9.023664 8.649677
