3.787022 14.164772 14.871963 0.000000 0.000000 0.000000 8.572874 19.241060 0.000000 6.854856 17.378447 4.334560 0.109650 0.000000 0.000000 0.000000 0.000000 0.000000 0.000000 0.000000 0.000000 11.421487 3.059635 0.000000 3.917142 0.000000 1.040521 17.865795
3.755672 0.000000 0.000000 0.000000 0.000000 0.000000 0.000000 0.000000 0.000000 0.000000 0.000000 0.000000 0.000000 0.000000 0.000000 0.000000 0.000000 0.000000 0.000000 0.000000 0.000000 0.000000 0.000000 0.000000 0.000000 0.000000 0.000000 0.000000
0.000000 0.000000 0.000000 0.000000 0.000000 0.000000 0.000000 0.000000 0.000000 0.000000 0.000000 0.000000 0.000000 0.000000 0.000000 0.000000 0.000000 0.000000 0.000000 0.000000 0.000000 0.000000 0.000000 0.000000 3.231219 0.000000 0.000000 0.000000
0.000000 0.000000 0.000000 0.000000 35.649818 31.222334 0.000000 0.000000 23.597612 0.000000 0.000000 0.000000 0.000000 0.000000 3.350242 0.000000 0.000000 0.000000 0.845842 0.000000 0.000000 0.000000 0.000000 0.000000 0.000000 0.000000 0.000000 0.000000
0.000000 1.535737 0.000000 0.000000 14.381421 13.759019 0.000000 0.000000 7.978796 0.000000 0.000000 0.000000 0.000000 0.000000 1.986217 0.000000 4.016118 12.462874 10.796596 0.000000 0.000000 1.804971 0.000000 0.000000 0.000000 0.000000 0.000000 0.000000
0.000000 0.000000 0.000000 0.000000 0.000000 0.000000 0.000000 0.000000 0.000000 0.000000 0.000000 0.000000 0.000000 0.684903 2.371786 0.000000 8.145633 0.000000 0.000000 0.000000 0.000000 0.000000 0.000000 0.000000 0.000000 0.000000 0.000000 0.000000
0.000000 0.000000 0.000000 0.000000 11.184012 0.000000 0.000000 0.000000 0.000000 0.000000 0.000000 0.000000 4.819421 7.999655 0.000000 0.000000 0.669914 0.000000 0.000000 0.000000 6.461120 0.000000 0.000000 0.000000 0.000000 0.000000 0.000000 0.000000
0.000000 0.000000 0.000000 0.000000 6.651744 0.000000 0.000000 0.000000 0.000000 0.000000 0.000000 0.000000 0.000000 0.320543 0.000000 0.000000 0.000000 0.000000 0.000000 0.000000 0.000000 0.000000 0.000000 2.550992 0.000000 0.000000 0.000000 0.000000
0.000000 0.000000 0.000000 0.000000 0.000000 0.000000 0.000000 0.000000 0.000000 0.000000 0.000000 0.000000 0.000000 0.000000 0.000000 0.000000 0.000000 0.000000 0.000000 0.000000 0.000000 0.000000 0.000000 0.000000 0.000000 0.000000 0.000000 0.000000
0.856957 0.000000 0.000000 0.000000 0.000000 0.000000 0.000000 0.000000 4.960322 13.168697 0.000000 0.000000 0.000000 0.000000 0.000000 0.000000 0.000000 0.000000 0.000000 0.000000 0.000000 0.000000 0.000000 0.000000 0.000000 0.000000 0.000000 0.000000
7.456909 0.000000 0.000000 0.000000 0.000000 0.000000 0.000000 0.000000 1.836969 7.936778 0.000000 0.000000 0.000000 0.000000 0.000000 0.000000 0.000000 0.000000 0.000000 2.311749 0.000000 0.000000 0.000000 0.000000 0.000000 2.697148 0.000000 0.000000
9.860467 1.606936 0.000000 0.000000 0.000000 1.136266 0.000000 0.000000 0.000000 4.018879 0.000000 0.000000 0.000000 0.000000 0.000000 0.000000 0.000000 0.000000 0.000000 0.792732 0.000000 0.000000 0.000000 0.000000 0.000000 1.948615 0.000000 0.000000
1.145977 0.000000 0.000000 0.000000 0.000000 0.000000 0.000000 0.000000 2.593774 7.842131 4.723127 15.006495 6.562671 0.000000 0.000000 0.000000 0.000000 0.000000 0.000000 0.000000 0.000000 0.000000 0.000000 1.646613 0.000000 0.000000 0.000000 0.000000
3.575010 0.000000 0.000000 0.000000 0.000000 0.000000 0.000000 1.777370 6.781604 9.600782 9.270616 12.834355 8.334620 0.000000 0.000000 0.000000 0.000000 0.000000 0.000000 0.215243 0.000000 0.000000 0.000000 0.000000 0.000000 0.000000 0.000000 0.000000
11.375539 1.069385 0.000000 4.307021 0.000000 0.627572 2.957740 3.559149 7.765349 4.629122 2.192652 1.187441 3.534404 7.670219 0.000000 0.000000 0.000000 0.000000 0.000000 0.000000 0.000000 0.000000 0.000000 0.000000 0.000000 0.000000 0.000000 0.000000
14.368124 0.336209 1.162387 7.810775 0.000000 0.000000 0.000000 4.367249 6.931385 0.000000 0.000000 0.000000 6.643414 13.417683 4.157274 0.000000 0.000000 0.000000 0.000000 2.876375 0.646141 2.262173 0.000000 0.000000 0.000000 0.000000 10.401837 0.000000
19.147577 9.573978 5.852174 3.952040 0.000000 0.000000 0.000000 2.490987 1.993013 0.000000 0.000000 4.383156 6.631036 7.251446 2.372079 0.000000 0.000000 0.000000 0.000000 0.000000 0.000000 0.000000 0.000000 0.000000 0.000000 0.000000 3.616099 0.472399
16.992472 16.706875 5.319880 3.281681 0.000000 0.000000 0.000000 0.000000 0.000000 0.000000 2.169783 9.088460 2.588345 1.451970 3.562146 1.664036 0.000000 0.000000 0.000000 0.000000 0.000000 0.000000 0.000000 0.000000 0.000000 0.000000 0.000000 0.116007
5.453887 4.601517 3.078002 3.533914 0.000000 0.000000 0.000000 0.000000 0.000000 0.000000 3.384031 5.697808 0.977552 0.429278 2.066676 5.488961 0.000000 0.000000 0.000000 0.000000 0.000000 0.000000 0.000000 0.000000 0.000000 0.000000 0.000000 0.000000
2.307898 0.000000 0.000000 0.000000 0.000000 12.426240 19.927061 5.625793 0.000000 0.000000 0.000000 0.000000 0.000000 0.000000 0.000000 0.684114 0.000000 0.000000 0.000000 0.000000 0.000000 0.000000 0.000000 0.000000 0.000000 0.000000 0.000000 0.000000
4.650056 0.000000 0.000000 0.000000 0.000000 5.431625 20.965710 13.398685 0.269218 0.000000 0.000000 0.000000 0.000000 0.000000 0.000000 0.521595 0.695505 0.000000 0.000000 0.000000 0.000000 0.000000 0.000000 0.000000 0.000000 0.000000 0.000000 0.000000
0.000000 0.000000 0.000000 0.000000 0.000000 0.000000 1.920414 8.337202 0.437607 0.000000 0.000000 0.000000 0.000000 0.000000 1.831987 0.606978 2.286337 3.323698 0.000000 0.000000 0.000000 0.000000 0.000000 3.190316 2.246193 0.000000 0.000000 0.000000
0.000000 0.000000 0.000000 0.000000 0.000000 0.000000 8.253060 15.551302 4.487370 0.000000 0.000000 0.000000 0.000000 0.000000 0.000000 0.000000 0.000000 1.317147 0.000000 0.000000 0.000000 0.000000 3.139233 10.633716 7.809658 0.000000 0.000000 0.000000
0.000000 0.000000 0.000000 0.000000 0.000000 0.000000 16.752434 21.453913 8.428581 0.000000 0.000000 0.000000 0.000000 0.000000 0.000000 0.000000 0.000000 0.000000 0.000000 0.000000 0.000000 13.753917 13.805792 1.957090 3.196280 2.431860 0.000000 0.000000
0.000000 0.000000 0.000000 0.000000 0.000000 1.046295 8.558408 10.369527 13.654805 0.000000 0.000000 0.000000 6.304667 11.761886 0.053466 0.000000 4.162320 4.032292 0.000000 0.000000 0.812760 5.140481 8.035316 4.362801 14.244719 9.592999 0.000000 0.000000
0.000000 0.000000 0.000000 0.000000 0.000000 3.610019 0.000000 0.000000 0.000000 0.000000 0.000000 11.691715 10.013669 9.539042 0.000000 0.000000 0.000000 0.000000 0.000000 0.000000 0.081775 0.000000 0.000000 0.000000 9.685676 0.000000 0.000000 10.990889
0.000000 0.000000 0.000000 0.000000 0.000000 0.000000 0.000000 0.000000 0.000000 0.000000 0.000000 0.000000 0.000000 0.000000 0.000000 0.000000 0.000000 0.000000 0.000000 0.000000 0.000000 0.000000 0.000000 0.000000 0.000000 0.000000 0.000000 16.825670
0.633531 0.000000 0.000000 0.000000 0.000000 0.000000 0.000000 0.000000 0.000000 0.000000 0.000000 0.000000 0.000000 0.000000 0.000000 1.666225 0.000000 0.000000 0.000000 0.000000 0.000000 0.000000 0.000000 0.000000 0.000000 0.000000 0.000000 0.454917
