0.000000 0.000000 0.783579 0.709738 4.634706 0.000000 0.000000 0.000000 0.000000 0.000000 0.000000 0.000000 0.000000 0.000000 0.000000 0.000000 0.000000 0.000000 0.000000 0.000000 0.000000 0.000000 0.181007 0.000000 2.046148 2.685535 0.000000 0.000000
0.000000 27.143747 27.910503 5.924107 17.898336 14.501627 0.000000 0.000000 0.000000 0.000000 0.000000 0.000000 0.000000 0.000000 0.000000 9.360995 5.844069 3.489650 0.000000 3.198975 0.000000 4.564599 1.936218 0.000000 0.000000 5.214265 9.132428 2.747777
22.227457 49.176601 2.078455 0.000000 7.911176 17.485367 15.920867 11.861259 6.925390 0.000000 0.000000 0.000000 0.000000 0.000000 0.000000 0.000000 0.000000 0.000000 0.000000 0.000000 0.000000 0.138233 0.000000 0.000000 0.000000 0.000000 0.000000 0.000000
9.414353 21.310247 0.000000 0.000000 0.000000 0.000000 13.001711 0.000000 0.000000 4.341660 0.000000 0.000000 0.000000 3.524503 3.405743 1.858009 0.000000 0.000000 0.000000 0.000000 0.000000 0.000000 11.781112 5.920181 5.025399 1.665440 0.000000 0.172915
0.000000 0.000000 3.694082 0.000000 0.000000 0.000000 9.312893 0.000000 0.000000 12.961550 0.000000 0.000000 0.000000 0.000000 2.061084 5.250563 0.000000 0.000000 0.000000 0.000000 0.000000 0.000000 4.607504 4.858461 3.511414 2.042817 1.936796 2.573737
0.000000 20.042837 50.506237 23.318077 0.000000 0.000000 0.000000 0.000000 0.000000 16.231234 0.000000 0.000000 0.000000 0.000000 0.000000 0.000000 0.000000 5.082431 2.868882 0.000000 0.000000 0.000000 0.000000 0.000000 0.000000 0.000000 0.000000 0.000000
0.000000 16.378088 35.078316 3.385758 0.000000 0.000000 0.000000 0.000000 0.000000 25.816521 3.300693 0.000000 0.000000 0.000000 0.000000 0.000000 0.000000 0.000000 0.000000 1.618361 0.000000 0.000000 0.000000 0.000000 0.000000 0.000000 0.000000 0.000000
0.000000 0.487891 4.001409 0.000000 0.000000 0.000000 0.000000 0.000000 0.000000 16.736933 19.759604 0.000000 0.000000 0.000000 0.000000 0.000000 0.000000 0.000000 1.403674 5.670036 3.110080 0.000000 0.000000 0.000000 0.000000 0.000000 3.178954 0.000000
5.994491 0.000000 0.000000 0.000000 0.000000 0.000000 0.000000 0.000000 0.000000 0.000000 13.820235 7.780461 0.000000 0.000000 0.000000 0.000000 0.000000 0.000000 0.000000 0.000000 0.000000 0.000000 0.000000 0.000000 0.000000 0.000000 0.000000 0.000000
0.000000 0.000000 0.000000 0.000000 0.000000 0.000000 0.000000 0.000000 0.000000 0.000000 0.120753 8.844570 0.000000 0.000000 0.000000 0.000000 0.000000 1.189916 0.000000 0.000000 0.000000 0.000000 0.000000 0.000000 0.000000 0.000000 0.000000 0.000000
0.000000 0.000000 0.000000 0.000000 0.000000 0.000000 0.000000 0.000000 0.000000 0.000000 0.000000 10.724267 16.183735 4.999929 0.000000 0.000000 0.000000 0.000000 0.000000 0.000000 0.000000 0.000000 0.000000 0.000000 0.000000 0.000000 0.000000 0.000000
0.000000 0.000000 0.000000 0.000000 0.000000 0.000000 0.000000 0.000000 0.000000 0.000000 0.000000 0.000000 11.352193 16.574495 1.649839 0.000000 0.000000 0.000000 0.000000 0.000000 0.000000 0.000000 0.000000 0.000000 0.000000 0.000000 0.000000 0.000000
0.000000 0.000000 0.197258 1.367683 0.014196 0.085122 0.458471 0.000000 0.000000 0.000000 0.000000 0.000000 0.000000 10.500421 18.136448 2.674675 0.000000 0.000000 0.000000 0.000000 0.000000 0.000000 0.000000 0.000000 0.000000 0.000000 0.000000 0.000000
1.865145 0.000000 3.816590 3.852207 0.694750 1.418852 1.904195 0.000000 0.000000 0.000000 0.000000 0.000000 0.000000 0.000000 12.404943 11.356971 0.000000 0.000000 0.000000 0.000000 0.000000 0.000000 0.000000 0.000000 0.000000 0.000000 0.000000 0.000000
0.461028 0.000000 3.134001 5.555748 2.179528 0.000000 0.000000 0.000000 0.000000 0.000000 0.000000 0.000000 0.000000 0.000000 0.000000 13.742592 2.532397 0.000000 0.000000 0.000000 0.000000 0.000000 0.000000 0.000000 0.000000 0.000000 0.000000 0.000000
0.000000 0.000000 0.000000 2.230318 0.000000 0.000000 0.000000 0.000000 0.000000 0.000000 0.000000 0.000000 0.000000 0.000000 0.000000 10.157263 14.131683 0.000000 0.000000 0.000000 0.000000 0.000000 0.000000 0.000000 0.000000 0.000000 0.000000 0.000000
0.000000 0.000000 0.000000 0.000000 0.000000 0.000000 0.000000 0.000000 0.000000 0.000000 0.000000 0.000000 0.000000 0.000000 0.000000 4.871491 19.312483 6.272138 0.000000 0.000000 0.000000 0.000000 0.000000 0.000000 0.000000 0.000000 0.000000 0.000000
0.892823 0.000000 0.000000 0.000000 0.000000 0.000000 0.000000 0.000000 0.000000 0.000000 0.000000 0.000000 0.000000 0.000000 0.000000 0.000000 12.791994 17.158468 0.000000 0.000000 0.000000 0.000000 0.000000 0.000000 0.000000 0.000000 0.000000 0.000000
0.000000 0.000000 0.000000 0.000000 0.000000 0.000000 0.000000 0.000000 0.000000 0.000000 0.000000 0.000000 0.000000 0.000000 0.000000 0.000000 3.979055 16.062626 4.038836 0.000000 0.000000 0.000000 0.000000 0.719450 0.000000 0.000000 0.000000 0.000000
0.000000 0.000000 2.024331 0.000000 0.000000 0.000000 0.000000 0.000000 0.000000 0.000000 0.000000 0.000000 0.000000 0.000000 0.000000 0.000000 0.022062 5.603237 8.306776 2.127874 0.000000 0.000000 0.000000 9.709602 4.140330 0.000000 0.000000 0.000000
0.000000 0.000000 3.830190 3.931341 0.000000 0.000000 0.000000 0.000000 0.000000 0.000000 0.000000 0.000000 0.000000 0.000000 0.000000 0.000000 0.000000 0.000000 0.650137 0.000000 0.000000 0.000000 0.000000 0.281359 0.000000 0.000000 0.000000 0.000000
0.000000 0.000000 3.880220 5.542914 0.000000 0.000000 0.000000 0.000000 0.000000 0.000000 0.000000 0.000000 0.000000 0.000000 0.000000 0.000000 0.000000 0.000000 0.000000 0.000000 0.000000 0.000000 0.000000 0.000000 0.000000 0.000000 0.000000 0.000000
0.000000 0.000000 5.482294 4.931930 0.000000 0.000000 0.000000 0.000000 0.000000 0.000000 0.000000 0.000000 0.000000 0.000000 0.000000 0.000000 0.000000 0.000000 0.000000 0.000000 0.000000 0.000000 0.000000 0.000000 0.000000 0.000000 0.000000 0.000000
0.000000 0.000000 9.099131 7.779204 0.000000 0.000000 0.000000 0.000000 0.000000 0.000000 0.000000 0.000000 0.000000 0.000000 0.000000 0.000000 0.000000 0.000000 0.000000 0.000000 0.000000 0.000000 0.000000 0.000000 0.000000 0.000000 0.065111 0.000000
0.000000 0.000000 8.392751 12.705751 0.000000 0.000000 0.000000 0.000000 0.000000 0.000000 0.000000 0.000000 0.000000 0.000000 0.000000 0.000000 0.000000 0.000000 0.000000 0.000000 0.000000 0.000000 0.000000 0.000000 0.000000 0.000000 0.000000 0.000000
0.000000 0.000000 0.000000 0.000000 0.000000 0.000000 0.000000 0.000000 0.000000 0.000000 0.000000 0.000000 0.000000 0.000000 0.000000 0.000000 0.000000 0.000000 0.118349 0.000000 0.000000 0.000000 0.000000 0.000000 0.000000 0.000000 0.000000 0.000000
0.000000 0.000000 0.000000 0.000000 0.000000 0.000000 0.000000 0.000000 0.000000 0.000000 0.000000 0.000000 0.000000 0.000000 6.270102 1.634475 4.033298 6.317031 7.964732 0.000000 0.000000 0.000000 0.000000 0.000000 0.000000 0.000000 0.000000 0.000000
0.077234 0.104179 0.000000 0.000000 0.000000 0.000000 0.000000 0.000000 0.000000 0.000000 0.000000 0.000000 0.000000 0.000000 0.000000 0.000000 0.000000 0.000000 0.000000 0.000000 0.000000 0.000000 0.000000 0.000000 0.000000 0.000000 0.000000 0.000000
