0.324911 0.000000 0.000000 0.000000 0.000000 6.853755 9.887544 0.000000 1.729014 9.809993 7.651771 0.709805 0.000000 0.000000 3.128402 5.716207 4.283737 3.219181 2.657541 6.983060 6.435072 2.652790 6.428429 4.237580 4.329803 4.084324 3.674145 0.000000 0.000000 3.384065 2.186365 0.000000 1.801689 0.000000 4.250992 1.873249 2.147835 0.693647 0.000000 0.000000 0.000000 0.000000 0.000000 2.574819 1.142129 0.209401 0.000000 0.075687 3.631068 5.848474 3.980928 0.883405 0.000000 0.000000 0.000000 0.779369
0.000000 0.000000 0.000000 0.610247 0.000000 9.859879 0.000000 0.000000 0.000000 0.000000 1.779800 0.000000 0.000000 0.000000 0.000000 0.000000 0.057905 0.000000 0.000000 0.000000 0.079875 0.000000 0.000000 0.000000 0.000000 0.000000 0.000000 0.000000 0.000000 4.727672 1.108530 0.000000 0.000000 0.000000 0.869095 0.000000 0.000000 0.000000 0.000000 0.000000 0.000000 0.000000 0.000000 0.000000 0.000000 0.000000 0.000000 0.000000 0.000000 0.000000 0.000000 0.000000 0.000000 0.000000 0.000000 0.000000
0.000000 0.000000 4.417165 8.211480 9.815883 12.996662 0.000000 0.000000 0.000000 0.000000 2.281440 0.000000 0.000000 0.000000 0.000000 0.000000 0.000000 0.000000 0.000000 0.000000 0.000000 0.000000 0.000000 0.000000 0.000000 0.000000 0.000000 0.000000 0.000000 2.202802 5.213010 6.756156 3.011713 0.000000 0.000000 0.000000 0.000000 0.000000 0.000000 0.000000 0.000000 0.000000 2.206084 0.607336 0.000000 0.000000 0.000000 0.000000 0.000000 0.000000 0.000000 0.000000 0.000000 0.000000 0.000000 0.000000
0.000000 0.000000 6.224018 14.428657 12.419451 6.347015 2.281045 2.043743 2.152340 0.000000 0.000000 0.000000 0.000000 0.000000 0.000000 2.695403 0.000000 0.000000 0.236396 0.000000 0.000000 0.000000 0.000000 0.000000 0.000000 0.000000 1.800478 0.000000 0.000000 0.000000 0.000000 2.772239 0.000000 0.000000 0.000000 2.810027 6.872451 0.000000 0.000000 0.000000 0.000000 0.723439 7.370683 1.332488 2.296844 0.084804 0.000000 0.000000 0.000000 0.000000 0.000000 0.000000 4.035765 5.263185 8.059788 7.844511
0.387880 1.206371 4.342708 0.774973 0.000000 1.553364 1.239559 0.000000 0.482923 0.000000 0.000000 0.000000 0.000000 6.371711 9.787575 3.935264 0.000000 9.785505 10.605537 7.662492 0.000000 0.000000 0.000000 0.000000 0.000000 0.000000 1.876721 0.000000 0.000000 0.000000 0.000000 0.000000 0.000000 0.000000 0.000000 8.519013 2.661738 0.000000 0.000000 0.000000 3.340528 0.485811 4.685396 1.150119 3.425024 0.000000 0.872257 0.000000 0.000000 0.000000 0.000000 4.038176 4.357789 6.131873 8.241550 6.271895
3.196680 4.171559 0.000000 0.000000 0.000000 2.266036 0.517743 0.000000 3.172632 2.587697 1.594566 0.000000 0.000000 3.235873 0.000000 0.000000 0.000000 0.000000 0.000000 3.447794 0.000000 0.000000 0.000000 0.072888 0.000000 0.000000 0.000000 0.000000 0.000000 0.000000 0.000000 0.000000 3.047659 4.440906 0.489237 0.000000 0.000000 0.000000 0.000000 3.525421 3.823468 0.000000 0.000000 1.280030 4.989890 0.000000 0.000000 0.000000 1.581853 4.466186 5.287226 4.595991 0.425316 3.560677 5.724781 1.940748
0.780146 1.966354 0.000000 0.000000 6.899269 13.563419 0.000000 0.000000 4.632179 2.116310 4.239542 3.514290 0.291580 0.222090 0.000000 0.000000 0.000000 0.000000 0.193556 1.554410 0.000000 0.000000 0.000000 0.000000 0.000000 0.000000 0.000000 0.000000 0.000000 0.000000 0.000000 0.000000 0.843735 5.955177 4.709516 3.605919 0.000000 0.184296 2.022914 0.275175 1.889875 0.000000 0.000000 0.000000 0.000000 0.000000 0.000000 0.000000 0.000000 0.000000 0.000000 0.000000 0.000000 0.000000 0.000000 0.000000
5.020552 2.467273 0.000000 0.000000 3.362597 0.000000 0.000000 0.194140 1.244648 4.305139 1.521845 0.000000 0.155484 0.000000 0.000000 0.000000 0.000000 0.000000 0.000000 6.740757 2.496941 0.000000 0.000000 0.000000 0.000000 0.000000 0.523709 0.937407 0.000000 0.000000 0.000000 0.000000 0.000000 0.221752 0.000000 0.000000 0.000000 0.000000 0.000000 0.000000 0.978819 1.715720 0.000000 0.000000 0.000000 0.000000 1.714070 3.564244 0.000000 0.000000 0.000000 0.000000 0.000000 0.000000 0.000000 0.000000
5.576910 0.000000 0.000000 0.000000 4.862819 0.000000 0.000000 2.290879 3.889973 4.021688 1.282555 0.000000 0.000000 0.000000 0.000000 4.975667 5.153045 0.000000 0.000000 7.444162 5.153111 0.000000 0.000000 0.000000 0.534440 2.002685 4.515337 1.894653 0.000000 0.360543 0.000000 0.000000 0.000000 0.000000 0.000000 0.000000 2.523300 2.599164 1.263048 0.000000 4.306776 1.912431 0.000000 0.000000 0.000000 0.000000 0.000000 0.000000 0.000000 0.000000 0.000000 0.000000 0.000000 0.000000 0.000000 0.000000
6.638545 0.000000 0.000000 4.726116 2.920443 0.000000 1.449957 0.000000 0.000000 0.000000 0.000000 0.000000 0.000000 0.000000 2.633033 10.253289 3.607232 0.000000 0.000000 6.354912 7.748936 1.243577 3.265484 2.249890 3.793522 2.253051 0.000000 0.000000 0.000000 0.000000 0.000000 0.526087 0.000000 0.000000 0.000000 0.000000 0.000000 0.000000 0.000000 0.000000 0.000000 0.000000 0.000000 0.000000 0.000000 0.000000 0.000000 0.000000 0.000000 0.000000 0.000000 3.025817 2.785634 0.390790 0.000000 0.000000
4.137522 0.000000 0.000000 0.000000 0.000000 0.000000 0.000000 0.000000 0.000000 2.573302 0.000000 0.000000 0.000000 0.000000 0.000000 6.930558 1.257662 0.000000 0.000000 0.000000 0.000000 0.000000 0.000000 0.000000 0.000000 0.000000 0.000000 0.000000 0.000000 0.000000 0.000000 1.535598 0.000000 0.000000 0.000000 0.000000 0.000000 0.000000 0.000000 0.000000 0.000000 0.000000 0.000000 0.000000 0.000000 0.000000 0.000000 0.000000 0.000000 0.000000 0.000000 2.254266 0.000000 0.000000 0.000000 0.000000
2.793515 0.000000 0.000000 0.000000 0.000000 0.000000 0.000000 1.635993 3.080948 3.621363 0.000000 0.000000 0.000000 0.000000 2.731964 4.137187 0.033320 0.000000 0.000000 0.000000 0.000000 0.000000 0.000000 0.000000 0.000000 0.000000 0.000000 0.000000 0.086268 0.000000 0.000000 2.069877 0.000000 0.000000 0.000000 0.000000 0.000000 0.000000 0.000000 0.000000 0.000000 0.000000 0.000000 0.000000 0.000000 0.000000 0.000000 0.000000 0.000000 0.000000 0.000000 1.577609 0.000000 0.000000 0.000000 0.000000
0.000000 0.000000 0.000000 0.000000 0.000000 0.000000 0.000000 1.013002 3.119656 1.324571 2.036092 3.132573 0.000000 1.133732 4.247341 3.924564 5.590470 2.677699 0.000000 0.000000 0.000000 0.000000 0.000000 0.000000 0.000000 0.000000 0.000000 0.000000 0.000000 0.000000 0.000000 0.758681 0.000000 0.000000 0.000000 0.000000 0.000000 0.000000 0.000000 0.000000 0.000000 0.650783 0.000000 0.000000 0.000000 0.000000 0.417923 1.355177 0.000000 0.000000 0.000000 4.098813 2.335390 2.970628 1.688306 4.105503
0.000000 0.000000 0.000000 0.000000 0.000000 0.000000 0.000000 0.000000 1.741127 0.000000 1.253193 4.556729 2.560763 1.887686 1.290483 3.033190 4.886525 1.623358 0.000000 0.000000 0.000000 0.000000 0.000000 0.000000 0.000000 0.000000 0.117645 0.726660 0.000000 0.000000 0.000000 0.000000 0.000000 0.000000 0.000000 0.000000 0.189157 0.000000 0.000000 0.000000 0.000000 0.000000 0.000000 0.000000 1.703983 5.663012 3.587240 2.592923 1.924198 0.000000 0.000000 0.000000 0.000000 0.457845 2.349845 4.151655
0.000000 0.000000 0.000000 0.000000 0.000000 0.000000 0.000000 0.000000 0.000000 0.000000 0.585327 4.203113 1.875797 2.809372 2.450505 1.404508 1.838900 3.234038 2.599539 0.000000 0.000000 0.000000 0.000000 0.000000 0.000000 0.000000 0.000000 0.028953 0.000000 0.000000 1.347202 0.000000 0.000000 0.000000 0.000000 0.000000 3.074252 0.000000 0.000000 0.000000 0.000000 3.354586 1.590758 0.000000 5.192138 7.043767 1.027560 0.000000 0.000000 0.000000 0.000000 0.000000 0.000000 2.632850 6.318969 7.195458
0.000000 0.000000 3.800271 6.930860 7.030496 6.530845 3.114772 0.624475 0.000000 0.000000 3.096541 2.038595 0.000000 2.398301 3.959519 0.842557 0.394754 2.157153 3.018955 0.385419 0.000000 0.000000 0.000000 0.000000 0.000000 0.000000 0.000000 0.000000 0.000000 2.373071 6.295404 0.000000 0.000000 0.000000 0.000000 3.923115 10.268502 2.983510 0.000000 0.000000 0.000000 0.602371 0.000000 0.000000 2.118989 2.040691 0.283921 1.424212 2.558523 1.563889 1.022571 0.520798 4.804511 4.921589 6.301737 4.200141
0.000000 0.000000 0.000000 1.843484 0.000000 0.165972 0.663771 1.515682 0.000000 4.078325 4.097454 0.000000 0.037311 4.008395 2.804617 0.000000 0.000000 1.017497 0.840635 0.231313 0.000000 0.000000 0.000000 0.204801 1.701462 0.000000 0.000000 0.000000 6.935868 3.141418 2.145820 0.000000 0.000000 0.000000 0.897300 9.392301 5.111681 1.255800 0.000000 0.000000 0.000000 0.000000 0.000000 0.000000 0.000000 0.000000 0.000000 0.000000 0.000000 0.000000 1.985852 7.002178 6.432864 3.480806 2.491632 1.860717
0.638247 0.000000 0.000000 2.141296 0.975338 0.000000 4.273159 5.559590 3.590124 1.609150 0.000000 0.986363 0.923560 3.018944 1.146990 0.000000 1.644917 0.561186 0.000000 0.000000 0.527631 0.000000 0.000000 0.000000 5.673180 0.000000 0.000000 0.000000 2.275620 0.000000 0.000000 0.017414 0.000000 0.000000 2.171476 5.505619 0.000000 0.000000 0.000000 0.000000 2.504067 1.973338 0.000000 0.000000 0.084275 0.000000 0.000000 0.000000 0.000000 0.000000 1.168941 4.060791 0.000000 0.810822 0.123608 0.000000
0.957813 0.945312 1.986961 3.114218 2.538605 2.936269 6.503330 6.014653 5.858440 2.213961 0.095213 3.769972 2.334175 4.399083 3.804614 2.893289 3.374330 0.918437 0.000000 0.342449 0.860295 0.000000 0.000000 0.000000 0.000000 0.000000 0.000000 0.000000 2.062917 0.000000 0.000000 0.000000 0.000000 0.080347 2.425187 4.434482 0.000000 0.000000 0.000000 0.000000 3.527308 4.716909 0.000000 0.000000 4.198447 3.849241 3.838228 3.536864 1.887338 3.753556 4.416954 4.949035 0.000000 0.226258 0.000000 0.000000
1.498639 1.308620 2.734940 4.271195 3.779466 3.576542 3.935197 3.431485 3.737775 2.090928 3.585443 4.153716 3.642484 2.184365 2.283120 2.249285 1.650132 0.077012 0.000000 0.204020 1.217271 0.000000 0.000000 0.000000 0.000000 4.862906 6.868672 6.214843 5.564165 1.703491 0.000000 2.217890 0.000000 2.434954 2.448445 3.932198 4.389605 6.881290 0.830821 0.495710 1.006562 4.640451 0.000000 0.000000 2.948380 3.726498 0.033262 2.283685 3.268574 1.292829 6.353335 5.716701 1.167108 0.000000 0.000000 0.000000
1.640473 0.000000 0.995211 1.409946 1.254555 3.130624 2.334519 1.029709 0.000000 1.840831 4.387788 4.033346 2.192220 2.889777 1.425398 2.733186 1.608821 0.864625 0.485378 3.141996 1.930142 0.518108 0.006897 0.000000 0.000000 1.434002 11.862061 14.183675 10.689992 3.735404 0.692993 2.599995 0.979656 2.850776 0.926074 1.705807 2.998280 1.777722 0.107961 2.943617 3.950765 3.535300 3.674237 2.847967 3.403162 0.000000 0.000000 0.000000 2.649138 2.590024 3.507779 4.485058 2.486707 4.584154 2.602091 0.283347
1.452615 1.865593 2.476727 0.000000 1.663601 2.699516 1.460303 0.000000 2.263687 4.426553 6.775392 3.416269 1.204717 5.448959 2.847654 5.137774 3.234825 1.786100 1.151880 2.167461 0.242944 0.524234 1.702701 0.497670 0.000000 0.000000 4.424972 5.885210 9.342288 5.769542 6.232776 5.444601 1.301119 0.284925 0.000000 0.000000 0.000000 0.386296 2.490594 3.387909 2.484429 1.446709 3.107547 2.713273 2.118039 0.000000 0.000000 0.961364 3.484918 1.707117 0.212841 3.458649 3.647151 1.107944 1.981700 1.006360
1.921784 2.721598 2.113430 1.351625 2.804097 2.973378 0.000000 0.000000 3.409842 4.557288 4.008871 0.510280 1.359604 1.180773 1.908038 3.132120 2.009175 2.360789 3.376454 1.609340 0.356063 0.659988 0.797833 0.785569 1.933982 0.940781 0.000000 0.000000 2.762401 2.948973 4.833114 1.615971 1.413221 4.847840 4.730542 3.997132 7.599189 3.970527 0.608806 2.132227 1.066661 1.782098 0.497899 0.000000 0.000000 0.000000 0.000000 0.892496 1.055926 1.373683 2.368613 4.537750 1.777751 0.000000 1.900859 0.873653
0.562973 1.661390 0.373035 0.442487 1.058958 0.000000 0.000000 2.467787 3.767134 3.143107 1.335973 2.219664 1.278902 0.790361 0.593582 0.613082 1.136588 2.647750 1.608605 0.000000 1.537141 0.000000 0.000000 0.332036 1.206455 0.896028 0.000000 0.000000 0.000000 0.000000 4.346629 5.289170 0.612585 6.493056 1.356988 1.203063 2.295852 2.312364 3.377600 2.989836 2.856349 3.623434 5.333226 2.853800 0.000000 0.000000 2.530357 3.562866 2.187014 2.391238 4.621656 4.130523 3.844653 1.853076 4.779816 2.539477
0.959357 0.000000 0.423090 1.044225 0.000000 1.261645 1.916492 3.954576 3.505386 3.103600 2.636330 2.058552 1.218748 1.139903 2.669948 2.014622 1.256144 2.402961 0.349463 1.406251 2.113311 1.864138 2.358966 2.167403 1.987671 1.235518 0.786604 0.000000 0.000000 0.000000 3.425953 6.149251 1.361314 3.649093 0.588996 2.416006 1.131847 1.725644 2.676243 0.000000 2.815867 5.518993 5.551266 4.486830 3.963939 3.628646 3.594207 2.620205 2.800896 3.434081 4.243021 2.785919 2.800368 2.468972 5.306767 5.655465
0.146980 0.000000 3.375358 1.205112 0.713412 3.018974 2.281440 4.151502 1.502496 3.383713 4.257954 2.342777 4.048992 3.284895 4.301847 3.314232 2.041148 3.325501 1.709994 0.265456 1.329833 4.110184 2.078917 1.334181 2.052066 0.375500 0.262656 0.902063 0.000000 0.000000 0.000000 5.587106 3.616526 2.635790 0.578913 2.818254 0.996425 1.411728 0.689733 3.636558 0.573791 3.774793 3.409641 1.529564 5.439128 4.882590 4.084051 4.450683 4.232791 4.220808 0.000000 2.519545 1.962157 3.357696 2.574087 2.148390
0.853422 2.634292 3.305962 2.262479 2.574037 3.318894 3.827543 2.260418 0.169286 1.667094 2.750309 2.462088 4.699156 4.472751 4.804688 3.557542 3.577698 4.776189 1.553146 0.361785 2.773162 3.373347 1.059497 3.589423 2.062545 1.182543 1.948241 2.725734 1.763341 0.000000 0.000000 0.000000 4.929400 1.518625 0.000000 0.000000 0.000000 0.000000 0.415154 3.398668 2.245744 2.707843 4.244413 1.907654 0.000000 0.000000 0.000000 1.490530 4.134275 3.462713 2.341861 1.379091 0.580240 2.099594 6.121591 1.939499
0.000000 0.000000 2.296667 1.460348 1.139998 1.034740 1.835729 0.000000 0.000000 0.000000 1.860348 1.980780 4.977646 5.171007 3.226017 3.717451 6.044903 3.289353 0.000000 2.948310 4.373056 1.931322 3.256472 4.592969 2.294083 2.005805 2.044525 0.901093 0.406602 0.031041 0.000000 0.000000 2.553723 4.092114 0.770128 0.000000 0.640797 3.810697 5.507883 4.124215 7.941117 3.203768 2.910949 0.000000 0.000000 0.085686 2.366904 1.557216 3.817108 1.705463 2.567010 3.690643 5.264447 4.571050 6.257604 3.377381
0.897666 1.714371 1.260384 0.000000 0.405613 1.301303 1.902582 0.000000 1.473865 3.049128 2.619709 1.628405 2.613128 3.102086 3.682986 1.750453 1.797311 0.000000 2.614619 7.354988 3.571323 1.565148 2.444756 1.886492 0.758581 1.648327 2.851309 2.503309 1.742613 1.055745 0.000000 0.000000 0.000000 3.223494 9.167134 0.785881 3.482744 6.912933 6.528491 3.522606 5.433053 6.576016 3.684273 1.985404 1.455926 0.000000 4.619429 2.279309 3.253350 0.000000 0.000000 2.435365 1.213145 2.818507 3.878793 1.562635
1.850587 0.410350 0.000000 0.000000 1.713808 3.582535 3.677372 0.211984 3.673336 3.988588 1.817662 0.211602 2.640518 3.218889 0.000000 0.000000 0.000000 1.829415 6.312669 5.463763 1.323646 1.316243 1.516196 0.752322 0.000000 1.711993 2.562932 3.084103 1.834794 1.343696 0.000000 0.000000 0.000000 0.811132 7.497825 6.386661 5.144510 1.551564 4.132734 2.646070 1.983659 4.571973 2.379889 0.632317 4.333986 0.000000 0.000000 1.238980 0.595171 0.000000 0.754625 0.867653 3.171849 3.893475 3.522191 0.375798
0.098224 0.000000 2.659640 2.502065 1.764301 3.133149 1.463494 1.480300 3.311255 2.846987 0.000000 1.661120 4.581404 0.033925 0.542417 1.888090 3.820587 5.612153 5.338688 4.998645 2.552110 1.504258 2.001466 1.097880 0.633035 1.364874 1.315772 1.529981 1.215152 0.991552 0.000000 0.000000 0.000000 0.000000 5.106910 6.519822 3.789329 0.581096 2.178703 2.812358 3.593985 0.503236 0.000000 2.446081 2.912239 0.000000 2.004658 2.330776 3.933922 0.997357 3.326736 1.317123 2.002955 0.291778 4.118791 0.000000
1.888520 1.859868 2.822608 2.532448 4.439424 3.181824 0.430663 2.755312 2.957693 1.832010 0.000000 3.645044 0.593601 0.000000 3.960677 2.316499 5.207561 1.801036 2.653027 2.926724 2.009490 1.628907 2.633934 1.213917 2.273696 2.314173 1.827263 0.658436 0.000000 0.836002 0.072705 0.000000 0.000000 0.000000 3.840934 5.928590 3.645138 0.000000 1.315516 5.246436 1.942391 0.243154 1.904452 3.046004 3.442985 2.920289 3.415116 3.571156 3.875299 4.623267 0.000000 0.000000 0.000000 1.185928 6.191008 0.000000
2.765986 1.769383 2.387772 4.309375 6.186262 3.328617 0.708547 1.595834 1.221841 0.626840 2.321062 1.889467 0.131760 0.000000 0.224394 3.610414 2.905246 0.001198 1.925899 2.641358 2.608550 3.435458 3.347613 2.540687 3.252089 2.609252 1.113161 0.760237 0.935080 1.427119 1.091137 1.349814 0.000000 0.000000 0.000000 3.974495 4.145483 0.023274 3.071897 6.978792 0.749153 3.394081 4.212770 0.823272 3.275367 4.143401 1.824309 2.674958 1.903367 4.620751 4.055042 5.490536 0.038363 3.632585 3.421721 0.163590
2.045284 1.089373 1.236089 4.466065 4.319324 3.627863 0.179157 0.412765 0.234917 2.026495 1.103571 1.802171 0.641501 1.343179 2.669414 8.146780 2.828883 0.258035 0.605370 0.820216 0.410287 3.133839 2.580743 2.310365 3.234293 1.283021 2.112952 0.969799 2.098430 2.331561 2.376233 2.367176 0.000000 0.000000 0.000000 2.277488 2.632509 0.000000 0.463730 3.041626 1.292165 6.597988 2.695017 3.529800 1.647100 1.912834 4.279209 5.737597 5.628611 2.907655 1.595954 4.050677 0.305633 1.342386 2.128104 2.159508
4.184335 4.193197 0.000000 2.721951 1.989314 0.413952 0.000000 0.971925 2.042886 0.988785 3.097222 1.451912 0.000000 2.539206 5.767516 6.216628 0.935139 1.891541 3.741956 0.431628 0.000000 1.903930 2.932770 2.534705 1.190669 1.441041 2.428126 1.970611 1.395741 0.708741 1.733961 1.715391 0.979080 0.000000 0.000000 0.534389 3.746850 1.585183 5.159933 2.805491 4.336253 4.051017 0.118393 5.365842 0.921231 3.159968 5.340167 5.396571 1.139837 1.154016 0.000000 0.778868 3.877820 2.606285 0.609663 1.848980
5.180909 5.773488 5.741849 7.934791 2.441015 0.882014 0.834136 1.736332 0.476776 1.846161 2.997561 0.000000 0.000000 2.295655 3.929887 1.071139 0.000000 2.470227 2.905837 0.925841 2.608043 2.836581 1.312875 1.853988 0.793031 2.057291 1.858584 2.097508 0.608719 0.475644 1.194620 1.442849 1.205127 0.400498 0.000000 0.000000 1.963520 3.471365 7.289471 0.000000 0.000000 1.116926 3.996381 6.908721 1.036835 2.248283 1.224196 0.000000 4.113954 5.514338 2.586041 7.033766 5.273439 2.076704 0.000000 1.378171
4.278855 4.410816 6.293756 2.399772 0.000000 0.204967 3.158302 1.629981 1.945444 2.914368 0.000000 0.000000 0.000000 2.672180 1.959178 0.000000 0.065137 1.975423 1.621542 1.616616 3.184023 3.742312 0.630395 0.992728 0.527322 0.339460 0.713546 1.354516 1.071675 2.666888 2.983362 2.497534 1.320624 1.194650 0.000000 0.000000 0.000000 0.000000 4.708618 1.781161 0.857873 2.956257 0.000000 2.631616 0.118899 5.003832 7.621583 3.644164 5.037930 3.907314 0.946949 6.783520 5.934352 8.315667 6.773167 2.646974
3.858063 0.204424 0.000000 0.000000 0.000000 0.000000 0.000000 0.365174 1.189003 0.735347 0.978628 1.683912 1.574579 1.199695 0.000000 0.000000 2.744127 2.224874 0.578305 0.436354 2.255576 2.609884 0.000000 0.138682 1.322489 1.760385 0.931092 0.813134 0.269204 2.205500 2.361773 0.246460 0.598530 0.601943 0.000000 0.000000 0.000000 0.000000 0.000000 1.470186 4.370841 0.000000 0.000000 1.934481 3.845130 8.660172 5.200302 4.909635 5.129514 5.591212 5.188968 11.450337 8.926600 5.860682 3.765414 0.216770
4.621214 1.760868 0.000000 2.480148 1.281312 0.000000 0.000000 0.000000 0.000000 1.069226 5.138333 4.880497 3.968668 3.072229 0.179094 0.000000 2.442046 2.153924 1.038516 2.797619 3.874857 2.195115 0.000000 0.000000 0.000000 0.947006 3.249072 2.432103 1.638705 2.296997 1.700425 0.373132 0.850949 0.963196 1.645234 1.502797 0.000000 0.000000 0.000000 0.000000 0.372257 0.000000 0.000000 1.823203 7.635336 3.334373 0.000000 0.000000 0.000000 0.679535 3.071673 4.267805 3.856122 0.591498 3.912471 1.736947
2.181497 0.181145 0.000000 0.000000 0.000000 0.000000 0.000000 0.000000 0.000000 1.234316 3.236109 2.965954 2.094013 0.000000 0.000000 0.000000 0.000000 0.175546 0.800204 2.607986 2.605281 1.708618 1.090118 1.174866 0.298708 1.240564 3.820295 3.189527 2.571207 2.618279 0.945180 1.913587 1.965529 1.061428 1.055958 1.607266 0.147108 0.000000 0.000000 0.000000 0.000000 0.000000 0.000000 0.000000 2.454338 0.000000 0.000000 0.000000 0.000000 0.000000 0.000000 0.000000 0.000000 3.785073 6.035095 5.484732
3.372049 0.123682 0.000000 0.983912 3.423321 0.000000 0.000000 0.000000 0.000000 1.376379 1.028119 2.665761 1.057866 1.358896 0.000000 0.415031 0.836963 0.609704 0.977534 2.095721 2.172600 2.048270 3.340495 3.402142 3.421768 2.624041 2.744651 3.554049 4.047279 4.857541 2.050353 1.596823 2.456026 2.476124 2.727092 1.660968 0.433833 0.892826 2.423155 0.000000 0.000000 0.000000 0.000000 2.711259 0.983450 0.000000 0.000000 0.000000 0.000000 0.000000 0.000000 0.000000 0.000000 0.214710 1.936974 3.858927
4.497474 2.394185 0.000000 3.074405 2.201172 0.000000 0.000000 0.000000 0.000000 0.000000 0.000000 0.000000 0.000000 2.461443 0.000000 0.771929 2.055383 2.364645 3.851318 4.694584 3.377832 3.571003 4.460857 4.951987 4.233077 4.020005 3.045899 2.664195 4.315234 3.861107 1.993612 2.730754 1.913233 1.478149 3.305503 1.631084 1.055732 1.062900 3.473920 2.464536 0.000000 0.000000 0.000000 1.213715 0.082177 0.000000 0.000000 1.194164 1.053593 0.699316 0.000000 0.000000 0.000000 0.000000 0.496583 3.063740
3.398755 3.474037 0.752274 1.749425 4.727331 0.235311 0.000000 0.000000 0.883450 0.000000 0.000000 0.000000 0.000000 0.000000 0.000000 1.675143 2.792117 3.604534 3.473725 2.886428 3.301242 5.756266 7.559836 8.916652 7.593909 7.600965 4.128616 3.367230 3.294328 1.709577 1.352830 1.638906 1.435354 0.403687 1.352530 0.000000 0.898969 0.879047 1.837883 1.402470 1.049952 1.676947 0.368110 0.000000 0.000000 0.000000 0.000000 0.648924 1.032098 1.154224 1.308213 0.917457 0.000000 0.000000 1.463824 5.716176
1.178192 1.748699 0.000000 0.000000 3.288615 0.000000 0.000000 0.000000 1.890051 0.353623 0.256145 1.958935 2.949325 0.000000 0.000000 2.595124 2.592574 3.728715 1.396029 1.187392 1.822705 2.671694 5.828206 4.990978 6.111070 3.459426 1.401251 2.403682 4.655867 0.742175 0.195471 2.123120 1.595531 0.347609 1.483789 0.673279 1.490494 2.467153 0.000000 0.066314 2.750359 4.024596 2.551093 0.839279 0.000000 0.031670 2.352691 0.484414 0.567930 0.745636 0.471209 0.117155 0.000000 0.069533 1.022206 5.527111
3.474368 5.198969 0.000000 0.000000 4.643746 0.212301 0.000000 0.000000 1.894723 0.211846 0.943691 2.906709 3.549759 0.000000 0.000000 0.000000 2.881238 3.164752 0.693171 2.048298 1.890348 1.874041 1.608246 1.991150 0.769284 0.000000 0.000000 2.309307 4.311631 0.000000 1.007659 2.609195 0.000000 1.169949 2.513810 1.087781 2.432992 1.781750 0.000000 0.838773 1.584841 2.329503 0.000000 1.296318 1.376751 0.326924 0.455365 0.000000 0.166212 0.836766 0.775070 0.043335 0.226922 1.342094 2.474546 5.667769
0.945070 0.000000 0.000000 0.000000 5.446516 0.000000 0.000000 0.000000 0.000000 0.000000 0.000000 2.764858 2.900084 1.981832 0.000000 0.000000 0.992503 0.829816 2.944612 2.720987 0.275166 0.500764 0.373894 1.351180 0.000000 0.000000 0.769911 2.849233 2.195607 0.000000 0.000000 1.094067 0.000000 0.000000 0.000000 0.000000 4.486417 4.089269 3.085981 0.636558 1.461743 0.549378 0.000000 1.349626 1.861449 2.177819 2.032462 0.836518 1.890121 1.639446 1.360011 1.718534 1.370732 0.141154 0.000000 3.336368
0.872760 0.000000 1.459433 0.000000 3.850431 0.000000 0.000000 0.000000 0.000000 0.000000 2.245422 4.778133 5.239195 4.488079 2.320871 4.434337 0.437257 1.366319 2.155750 0.552803 0.306408 0.000000 0.032924 3.137827 2.918765 3.435284 4.427639 4.842381 1.316953 0.328565 1.753795 1.439343 0.355119 0.000000 0.000000 0.000000 1.981865 2.866141 1.463328 0.000000 0.678373 0.182420 0.852847 2.877863 1.883131 2.882650 2.736885 1.432931 0.000000 0.000000 2.239375 3.362337 1.842360 0.000000 0.254733 3.687385
2.678533 1.810239 0.000000 0.000000 4.280426 0.000000 0.000000 0.000000 0.000000 0.036292 5.175456 6.729095 4.077101 2.775757 4.073959 2.074655 0.000000 0.000000 0.238749 0.000000 0.000000 0.000000 1.352492 5.137021 5.486201 3.561702 3.105367 3.264424 1.506052 1.747289 2.985720 2.047757 1.414932 1.539252 2.552160 1.408311 1.840787 1.424267 0.423067 1.785782 2.772926 2.140703 3.646646 4.538323 1.347503 1.993807 2.645450 2.611897 1.762755 0.000000 1.815700 1.887605 0.146273 0.264172 1.186381 4.781157
3.281353 6.032770 4.250070 1.632150 7.674891 0.000000 0.000000 0.000000 0.000000 4.909559 5.249858 4.420821 0.935907 2.093212 2.271269 0.000000 0.323471 2.011641 2.886171 2.169729 0.000000 1.836295 6.477266 8.100863 5.539935 3.347649 3.146053 2.755390 2.107672 1.147375 1.830304 2.002568 3.504424 2.212232 3.249864 1.527475 0.943288 0.879738 0.403853 2.324017 4.877014 5.409053 4.603504 4.639358 2.664459 3.641912 4.874612 3.876059 3.134831 3.037086 3.489442 2.329448 0.436763 0.039506 1.021020 3.912817
4.293083 8.886779 4.026652 0.000000 3.883683 0.000000 0.000000 2.988003 6.483449 10.105377 9.189363 6.025150 2.659895 4.768587 1.110854 2.135504 4.387552 3.672823 1.926363 2.602358 0.426177 2.325997 3.969680 4.053341 0.000000 0.097266 1.080568 0.902111 1.134448 2.285637 2.843372 2.194333 2.721837 2.015768 2.906594 0.837140 1.265793 3.023761 1.363656 1.444355 1.772700 0.802542 2.131621 5.315296 2.655726 1.766079 2.036517 2.408338 3.867184 4.191750 2.273270 0.990239 0.000000 0.600896 2.801668 2.737221
0.000000 0.000000 0.000000 1.595841 7.844588 6.980918 9.053693 12.742435 9.904247 7.952434 8.805382 4.501565 8.291362 7.492570 4.163260 3.493808 2.900898 4.008011 5.940695 5.544341 0.000000 1.115298 0.591303 0.000000 0.000000 3.057793 5.679203 3.120936 0.000000 0.059146 0.893437 0.252746 0.000000 0.000000 1.525471 0.695992 1.752508 3.782249 0.786743 2.266155 2.393601 0.158087 0.000000 0.584974 0.544958 0.838530 0.000000 0.129876 6.273271 5.833713 3.702618 0.000000 2.364606 9.774293 7.590866 2.639292
2.368711 5.859919 8.868205 16.292767 12.371629 4.963940 3.359313 6.944459 2.853841 2.011960 2.757235 2.177236 6.131835 3.731349 3.011863 2.197844 0.746673 0.720779 5.780792 6.596997 4.240285 7.920022 4.451609 0.000000 0.000000 7.222340 10.505812 1.561304 0.000000 0.015191 1.560413 2.281816 0.000000 0.000000 1.630290 4.690868 4.058085 1.697251 0.000000 0.000000 2.267675 4.397676 0.701613 0.921255 0.767999 1.147338 2.337260 5.317313 7.619984 9.627916 4.987026 0.800407 4.274485 11.368695 5.048577 4.375963
4.124419 1.541182 2.358465 0.000000 1.929026 1.135415 3.083778 1.068120 2.921544 6.881567 4.395298 2.024848 6.464445 6.875597 4.200829 0.000000 0.359439 0.000000 3.690042 8.099987 9.571628 9.660076 4.323920 4.096910 4.502979 6.069798 0.000000 0.000000 0.000000 0.245171 3.757863 5.648426 5.481702 3.232165 3.252248 1.537452 0.000000 1.952021 3.738400 5.787928 11.554671 12.518265 12.394882 10.955317 9.294586 6.200330 4.944082 8.149871 9.638254 9.734715 8.450584 8.989913 10.775296 12.833623 10.853841 11.672565
4.130288 4.121046 3.765632 0.000000 1.214238 0.000000 1.970136 0.000000 0.375181 0.000000 3.713143 6.156028 1.368126 0.000000 1.373532 3.135416 3.513486 3.874339 4.951901 4.873360 7.326915 7.267887 5.031613 6.960598 10.226909 4.549275 0.000000 0.000000 0.000000 2.577127 4.824059 8.602537 10.073425 3.463462 2.525956 2.350626 3.495767 10.364972 14.872327 13.528479 17.595264 5.663545 6.444903 9.605774 9.373353 11.549151 7.062184 7.043364 10.459469 10.469880 8.037669 11.018361 8.135407 12.096578 10.075537 7.448575
6.533114 6.320692 1.050675 6.279912 5.371313 8.334181 9.248221 9.876340 5.822306 0.000000 0.000000 4.776847 2.905552 2.708441 8.563810 6.161861 5.089782 7.475359 7.864670 7.528813 12.282811 8.853135 9.542241 16.867548 16.869957 8.983560 5.090933 8.347200 10.911936 9.881881 11.634589 16.204062 13.272755 9.087254 15.775793 15.125604 12.592497 15.149745 16.603029 14.209659 15.434839 3.590915 0.935045 5.355650 6.495000 8.670485 4.037998 5.834811 6.637698 3.998544 5.725630 8.823875 3.557341 8.500509 5.173086 4.817023
1.356488 0.000000 0.000000 0.000000 0.000000 0.000000 0.000000 2.701988 1.759136 0.000000 0.000000 0.000000 0.000000 0.527151 3.149827 2.275215 0.000000 0.000000 0.000000 0.000000 0.000000 0.000000 0.000000 1.046628 0.000000 0.000000 0.000000 0.642272 3.655918 2.867838 4.361195 1.831140 0.000000 2.304966 7.120286 4.287100 5.772151 3.151957 0.000000 0.000000 1.489037 0.000000 0.000000 0.000000 0.000000 0.000000 0.000000 0.000000 0.000000 0.000000 0.000000 0.000000 0.000000 0.000000 0.163620 0.900469
