7.397195 10.109696 3.918459 0.262912 0.000000 1.324201 3.859542 5.347653 2.808572 0.467717 0.000000 0.000000 0.000000 0.000000 0.000000 0.000000 0.000000 0.000000 0.000000 0.105436 1.183367 1.050686 0.000000 0.000000 0.000000 0.000000 0.829800 3.817476
8.662934 11.557053 0.580438 0.000000 0.000000 2.452071 0.000000 0.000000 0.000000 0.000000 0.000000 0.000000 0.000000 0.000000 0.000000 0.000000 0.000000 0.000000 0.000000 1.566099 4.878806 5.167910 2.932180 2.362554 3.473781 5.606265 3.714719 3.359319
3.700992 0.000000 0.000000 0.000000 0.000000 0.000000 0.000000 0.000000 0.000000 0.000000 0.000000 0.000000 0.000000 0.000000 0.000000 0.000000 0.000000 0.000000 0.000000 0.000000 0.000000 1.763635 0.000000 0.000000 0.000000 0.000000 0.000000 0.000000
1.370991 0.000000 0.000000 0.000000 0.000000 0.000000 0.000000 0.000000 0.000000 0.000000 0.000000 0.000000 0.000000 0.000000 0.000000 0.000000 0.000000 0.000000 0.000000 0.000000 0.000000 0.000000 0.000000 0.000000 0.000000 0.000000 0.000000 0.000000
7.012735 0.000000 0.000000 0.000000 0.000000 0.000000 1.363384 0.000000 0.000000 0.000000 0.000000 0.000000 0.000000 0.000000 0.000000 0.000000 0.000000 0.000000 0.000000 0.000000 0.000000 0.000000 0.000000 0.000000 0.000000 0.000000 0.000000 0.000000
5.572926 0.000000 0.000000 0.000000 0.000000 0.000000 0.000000 0.000000 0.000000 2.391767 8.333887 1.077392 0.000000 0.000000 0.000000 0.000000 0.000000 0.000000 0.000000 0.000000 0.000000 0.000000 0.000000 0.000000 0.000000 0.000000 0.000000 0.000000
0.000000 0.000000 1.019664 0.000000 0.000000 0.000000 0.000000 0.000000 0.000000 3.768093 13.965541 8.173403 0.000000 0.000000 0.000000 0.000000 0.000000 0.000000 0.000000 0.000000 0.000000 0.000000 0.000000 0.000000 0.000000 0.000000 0.000000 0.000000
0.000000 0.000000 3.840033 2.997219 0.000000 0.000000 0.000000 0.000000 0.000000 0.000000 10.646780 14.465661 2.127399 0.936249 0.000000 0.000000 0.000000 0.000000 0.000000 0.000000 0.000000 0.000000 0.000000 0.000000 0.000000 0.000000 0.000000 0.000000
6.737653 8.465472 9.301725 3.731349 0.000000 0.000000 0.000000 0.000000 0.000000 0.000000 7.246790 15.806968 6.577471 2.413898 0.906475 0.000000 0.000000 0.000000 0.000000 0.000000 0.000000 0.000000 0.000000 0.000000 0.000000 0.000000 0.000000 0.000000
9.183819 12.869041 10.524436 3.666382 0.000000 0.000000 0.000000 0.000000 0.000000 0.000000 4.008007 12.768315 6.753997 0.023834 1.326340 0.000000 0.000000 0.000000 0.000000 0.000000 0.000000 0.000000 0.000000 0.000000 0.000000 0.000000 0.000000 0.000000
4.138641 5.993176 1.844723 0.000000 0.000000 0.000000 0.000000 0.000000 0.000000 0.000000 0.000000 5.478417 3.070615 0.000000 0.000000 1.736646 0.282914 0.000000 0.000000 0.000000 0.000000 0.000000 0.000000 0.000000 0.000000 0.000000 0.000000 0.000000
3.717854 6.923274 2.859388 1.400476 2.042401 0.658482 0.000000 0.000000 0.000000 0.000000 0.000000 0.000000 0.000000 0.000000 0.000000 0.000000 1.037161 0.000000 0.000000 0.000000 0.000000 0.000000 0.000000 0.000000 0.000000 0.000000 0.000000 0.000000
4.121231 7.416478 2.902784 1.430431 0.470166 0.000000 0.000000 0.000000 0.000000 0.000000 0.000000 0.000000 0.000000 0.000000 0.000000 0.000000 0.000000 0.000000 0.000000 0.000000 0.000000 0.000000 0.000000 0.000000 0.000000 0.000000 0.000000 0.000000
1.597806 3.537307 0.127245 0.000000 0.000000 0.000000 0.000000 0.000000 0.000000 0.000000 0.000000 0.000000 0.000000 0.000000 0.000000 0.000000 0.000000 0.000000 0.000000 0.000000 0.000000 0.000000 0.000000 0.000000 0.406428 0.000000 0.000000 0.000000
0.000000 0.181734 0.000000 0.000000 0.000000 0.000000 0.000000 0.000000 0.000000 0.000000 0.000000 0.000000 0.000000 0.000000 0.000000 0.000000 0.000000 0.000000 0.000000 1.022154 0.000000 0.000000 0.000000 0.000000 0.000000 0.000000 0.000000 0.000000
0.000000 0.000000 0.000000 0.000000 0.000000 0.000000 0.000000 0.000000 0.000000 0.000000 0.000000 0.000000 0.000000 0.000000 0.000000 0.000000 2.365607 0.000000 0.000000 0.704683 1.595345 0.170936 0.000000 0.000000 0.000000 0.000000 0.000000 0.000000
0.000000 0.000000 0.000000 0.000000 0.024875 0.000000 0.000000 0.000000 0.000000 0.000000 0.000000 0.000000 0.000000 0.000000 0.000000 0.114994 2.679924 2.878958 0.198050 0.534415 1.827216 3.253402 0.615276 0.000000 0.000000 0.000000 0.000000 0.000000
0.000000 0.000000 0.000000 0.000000 1.898494 1.406836 0.357311 0.000000 0.000000 0.451685 0.166794 0.000000 0.000000 0.000000 0.000000 0.000000 0.000000 1.351870 3.132076 2.389501 3.112027 4.741229 2.140935 0.000000 0.000000 0.000000 0.000000 0.000000
0.000000 0.000000 0.000000 0.000000 0.554302 0.000000 0.000000 0.000000 0.000000 0.000000 0.831069 0.615502 0.000000 0.000000 0.000000 0.000000 0.000000 0.000000 2.701079 1.990596 3.347014 3.201141 0.000000 0.000000 0.000000 0.000000 1.612149 4.299013
0.000000 0.000000 0.000000 0.000000 0.000000 0.000000 0.000000 0.000000 0.000000 0.000000 0.404868 0.153766 0.000000 0.000000 0.000000 0.000000 0.000000 0.000000 1.543734 0.762512 0.273932 0.000000 0.000000 0.000000 0.000000 0.000000 0.000000 6.124310
0.000000 0.000000 0.000000 0.000000 0.000000 0.000000 0.000000 0.000000 0.000000 0.000000 0.000000 0.000000 0.000000 0.000000 0.000000 0.000000 0.000000 0.000000 0.000000 0.000000 0.000000 0.000000 0.000000 0.000000 0.000000 0.000000 0.000000 5.707812
0.000000 0.000000 0.000000 0.000000 0.000000 0.000000 0.000000 0.000000 0.000000 0.000000 0.363877 0.000000 0.000000 0.000000 0.000000 0.000000 0.000000 0.000000 0.000000 0.000000 0.000000 0.000000 0.000000 0.000000 0.000000 0.000000 2.045134 10.528029
0.000000 0.000000 0.000000 0.000000 0.000000 0.000000 0.000000 0.000000 0.000000 2.109389 3.923464 0.000000 0.000000 0.000000 0.000000 0.000000 0.000000 0.000000 0.000000 0.000000 0.000000 0.000000 0.000000 0.000000 0.000000 0.000000 7.816378 12.668014
1.829826 0.000000 0.000000 0.000000 0.000000 0.000000 0.000000 0.000000 0.000000 3.007551 3.457199 0.000000 0.000000 0.000000 0.000000 0.000000 0.000000 0.000000 0.000000 0.000000 0.000000 0.000000 0.000000 0.000000 0.000000 0.222731 8.521605 11.331789
1.571828 0.000000 0.000000 0.000000 0.000000 0.796114 0.000000 0.000000 0.000000 3.881011 3.158341 0.696332 0.000000 0.000000 0.000000 0.000000 0.000000 0.000000 0.000000 0.000000 0.000000 0.000000 0.000000 0.000000 0.000000 0.000000 0.740836 2.710649
0.700645 0.000000 0.000000 0.000000 0.000000 0.590747 0.000000 0.000000 0.000000 1.294416 4.220708 2.434530 0.000000 0.000000 0.000000 0.000000 0.000000 0.839123 2.314034 3.269204 1.188086 0.459544 0.532769 0.000000 0.000000 0.000000 0.000000 0.000000
0.000000 0.000000 0.000000 0.000000 0.000000 0.000000 0.000000 0.000000 0.000000 0.000000 0.000000 0.670133 0.000000 0.000000 0.000000 0.000000 0.854078 1.750009 0.000000 0.000000 0.000000 0.000000 0.000000 0.000000 0.000000 0.000000 0.000000 0.000000
5.030264 4.153770 4.501449 3.764269 3.300639 3.313240 3.249263 1.310733 1.528475 3.889405 5.340425 7.607550 5.031081 3.332038 5.752354 8.996675 9.518414 8.478005 5.772209 0.270495 0.000000 0.000000 0.585914 1.167211 0.000000 0.000000 0.000000 0.000000
